	...1	...2	0	...4	...5	546 Bottles	Location	Producer	Nomen	Varrietal(s)	Vintage	Type	Notes
1	1	NA	1	1	1	2	1	212	1	1	1	1	1
2	NA	NA	2	1	2	2	2	1	248	1	1	1	1
3	NA	NA	3	1	3	2	3	1	1	127	1	1	1
4	NA	NA	4	1	4	2	4	38	NA	NA	15	4	28
5	NA	NA	5	1	5	2	5	111	220	115	22	11	207
6	NA	NA	6	1	6	2	6	111	231	98	21	11	162
7	NA	NA	7	1	7	2	7	111	154	91	22	11	170
8	NA	NA	8	1	8	2	8	38	NA	NA	15	4	28
9	NA	NA	9	1	9	2	9	111	44	67	23	11	162
10	NA	NA	10	1	10	2	10	111	44	67	23	11	162
11	NA	NA	11	1	11	2	11	111	176	99	2	11	162
12	NA	NA	12	1	12	2	12	85	NA	NA	22	4	118
13	NA	NA	13	1	12	3	13	NA	NA	NA	22	NA	162
14	NA	NA	14	1	13	2	14	85	NA	NA	22	4	118
15	NA	NA	15	1	13	3	15	NA	NA	NA	22	NA	162
16	NA	NA	16	1	14	2	16	123	111	NA	17	11	122
17	NA	NA	17	1	14	3	17	NA	NA	NA	22	NA	162
18	NA	NA	18	1	15	2	18	NA	NA	NA	22	NA	162
19	NA	NA	19	1	15	3	19	NA	NA	NA	22	NA	162
20	NA	NA	20	1	16	2	20	NA	NA	NA	22	NA	162
21	NA	NA	21	1	16	3	21	NA	NA	NA	22	NA	162
22	NA	NA	22	1	17	2	22	NA	NA	NA	22	NA	162
23	NA	NA	23	1	17	3	23	NA	NA	NA	22	NA	162
24	NA	NA	24	1	18	2	24	NA	NA	NA	22	NA	162
25	NA	NA	25	1	18	3	25	NA	NA	NA	22	NA	162
26	NA	NA	26	1	19	2	26	194	203	59	17	4	162
27	NA	NA	27	1	19	3	27	NA	NA	NA	22	NA	162
28	NA	NA	28	1	20	2	28	194	203	59	17	4	162
29	NA	NA	29	1	20	3	29	NA	NA	NA	22	NA	162
30	NA	NA	30	2	1	2	320	113	203	100	18	4	57
31	NA	NA	31	2	2	2	321	113	203	100	18	4	57
32	NA	NA	32	2	3	2	322	113	203	100	18	4	57
33	NA	NA	33	2	4	2	323	148	97	76	12	11	222
34	NA	NA	34	2	5	2	324	113	203	100	18	4	57
35	NA	NA	35	2	6	2	325	113	203	100	18	4	57
36	NA	NA	36	2	7	2	326	80	93	75	15	11	162
37	NA	NA	37	2	8	2	327	81	138	NA	15	4	28
38	NA	NA	38	2	9	2	328	86	203	100	15	4	201
39	NA	NA	39	2	10	2	329	81	138	NA	15	4	28
40	NA	NA	40	2	11	2	330	NA	NA	NA	22	NA	162
41	NA	NA	41	2	12	2	331	108	59	NA	17	4	64
42	NA	NA	42	2	12	3	332	NA	NA	NA	22	NA	162
43	NA	NA	43	2	13	2	333	113	203	100	19	4	162
44	NA	NA	44	2	13	3	334	NA	NA	NA	22	NA	162
45	NA	NA	45	2	14	2	335	225	203	NA	17	4	99
46	NA	NA	46	2	14	3	336	NA	NA	NA	22	NA	162
47	NA	NA	47	2	15	2	337	54	203	NA	17	4	52
48	NA	NA	48	2	15	3	338	NA	NA	NA	22	NA	162
49	NA	NA	49	2	16	2	339	134	203	NA	19	4	3
50	NA	NA	50	2	16	3	340	NA	NA	NA	22	NA	162
51	NA	NA	51	2	17	2	341	134	220	115	19	11	162
52	NA	NA	52	2	17	3	342	NA	NA	NA	22	NA	162
53	NA	NA	53	2	18	2	343	NA	NA	NA	22	NA	162
54	NA	NA	54	2	18	3	344	NA	NA	NA	22	NA	162
55	NA	NA	55	2	19	2	345	NA	NA	NA	22	NA	162
56	NA	NA	56	2	19	3	346	NA	NA	NA	22	NA	162
57	NA	NA	57	2	20	2	347	NA	NA	NA	22	NA	162
58	NA	NA	58	2	20	3	348	NA	NA	NA	22	NA	162
59	NA	NA	59	3	1	2	637	173	266	103	23	11	198
60	NA	NA	60	3	2	2	638	113	250	67	14	11	162
61	NA	NA	61	3	3	2	639	113	206	67	15	11	171
62	NA	NA	62	3	4	2	640	96	NA	52	12	11	222
63	NA	NA	63	3	5	2	641	111	45	67	21	11	162
64	NA	NA	64	3	6	2	642	111	45	67	21	11	162
65	NA	NA	65	3	7	2	643	NA	NA	NA	22	NA	162
66	NA	NA	66	3	8	2	644	140	48	58	14	11	195
67	NA	NA	67	3	9	2	645	6	179	115	12	11	196
68	NA	NA	68	3	10	2	646	62	233	108	18	7	162
69	NA	NA	69	3	11	2	647	NA	NA	NA	22	NA	162
70	NA	NA	70	3	12	2	648	42	48	67	17	11	121
71	NA	NA	71	3	12	3	649	NA	NA	NA	22	NA	162
72	NA	NA	72	3	13	2	650	NA	NA	NA	22	NA	162
73	NA	NA	73	3	13	3	651	NA	NA	NA	22	NA	162
74	NA	NA	74	3	14	2	652	NA	NA	NA	22	NA	162
75	NA	NA	75	3	14	3	653	NA	NA	NA	22	NA	162
76	NA	NA	76	3	15	2	654	NA	NA	NA	22	NA	162
77	NA	NA	77	3	15	3	655	NA	NA	NA	22	NA	162
78	NA	NA	78	3	16	2	656	NA	NA	NA	22	NA	162
79	NA	NA	79	3	16	3	657	NA	NA	NA	22	NA	162
80	NA	NA	80	3	17	2	658	133	127	99	19	4	162
81	NA	NA	81	3	17	3	659	NA	NA	NA	22	NA	162
82	NA	NA	82	3	18	2	660	133	127	99	19	4	162
83	NA	NA	83	3	18	3	661	NA	NA	NA	22	NA	162
84	NA	NA	84	3	19	2	662	133	127	99	19	4	162
85	NA	NA	85	3	19	3	663	NA	NA	NA	22	NA	162
86	NA	NA	86	3	20	2	664	133	127	99	19	4	162
87	NA	NA	87	3	20	3	665	NA	NA	NA	22	NA	162
88	NA	NA	88	4	1	2	956	158	42	NA	13	11	146
89	NA	NA	89	4	2	2	957	NA	NA	NA	22	NA	162
90	NA	NA	90	4	3	2	958	120	269	131	15	11	26
91	NA	NA	91	4	4	2	959	NA	NA	NA	22	NA	162
92	NA	NA	92	4	5	2	960	75	95	NA	23	11	221
93	NA	NA	93	4	6	2	961	NA	NA	NA	22	NA	162
94	NA	NA	94	4	7	2	962	NA	NA	NA	22	NA	162
95	NA	NA	95	4	8	2	963	NA	NA	NA	22	NA	162
96	NA	NA	96	4	9	2	964	NA	NA	NA	22	NA	162
97	NA	NA	97	4	10	2	965	198	84	132	15	11	108
98	NA	NA	98	4	11	2	966	NA	NA	NA	22	NA	162
99	NA	NA	99	4	12	2	967	NA	NA	NA	22	NA	162
100	NA	NA	100	4	12	3	968	NA	NA	NA	22	NA	162
101	NA	NA	101	4	13	2	969	NA	NA	NA	22	NA	162
102	NA	NA	102	4	13	3	970	NA	NA	NA	22	NA	162
103	NA	NA	103	4	14	2	971	199	31	69	12	11	224
104	NA	NA	104	4	14	3	972	NA	NA	NA	22	NA	162
105	NA	NA	105	4	15	2	973	133	127	99	19	4	162
106	NA	NA	106	4	15	3	974	NA	NA	NA	22	NA	162
107	NA	NA	107	4	16	2	975	133	127	99	19	4	162
108	NA	NA	108	4	16	3	976	NA	NA	NA	22	NA	162
109	NA	NA	109	4	17	2	977	133	127	99	19	4	162
110	NA	NA	110	4	17	3	978	NA	NA	NA	22	NA	162
111	NA	NA	111	4	18	2	979	133	127	99	19	4	162
112	NA	NA	112	4	18	3	980	NA	NA	NA	22	NA	162
113	NA	NA	113	4	19	2	981	133	127	99	19	4	162
114	NA	NA	114	4	19	3	982	NA	NA	NA	22	NA	162
115	NA	NA	115	4	20	2	983	NA	NA	NA	22	NA	162
116	NA	NA	116	4	20	3	984	NA	NA	NA	22	NA	162
117	NA	NA	117	5	1	2	1274	153	205	111	17	11	172
118	NA	NA	118	5	2	2	1275	153	220	115	18	11	172
119	NA	NA	119	5	3	2	1276	153	271	131	17	11	172
120	NA	NA	120	5	4	2	1277	NA	NA	NA	22	NA	162
121	NA	NA	121	5	5	2	1278	172	221	115	13	10	212
122	NA	NA	122	5	6	2	1279	172	221	115	13	10	212
123	NA	NA	123	5	7	2	1280	118	222	NA	12	10	223
124	NA	NA	124	5	8	2	1281	147	20	130	19	10	97
125	NA	NA	125	5	9	2	1282	147	20	130	18	10	98
126	NA	NA	126	5	10	2	1283	147	20	130	18	10	98
127	NA	NA	127	5	11	2	1284	NA	NA	NA	22	NA	162
128	NA	NA	128	5	12	2	1285	NA	NA	NA	22	NA	162
129	NA	NA	129	5	12	3	1286	NA	NA	NA	22	NA	162
130	NA	NA	130	5	13	2	1287	NA	NA	NA	22	NA	162
131	NA	NA	131	5	13	3	1288	NA	NA	NA	22	NA	162
132	NA	NA	132	5	14	2	1289	NA	NA	NA	22	NA	162
133	NA	NA	133	5	14	3	1290	NA	NA	NA	22	NA	162
134	NA	NA	134	5	15	2	1291	NA	NA	NA	22	NA	162
135	NA	NA	135	5	15	3	1292	NA	NA	NA	22	NA	162
136	NA	NA	136	5	16	2	1293	NA	NA	NA	22	NA	162
137	NA	NA	137	5	16	3	1294	NA	NA	NA	22	NA	162
138	NA	NA	138	5	17	2	1295	137	63	NA	12	11	19
139	NA	NA	139	5	17	3	1296	NA	NA	NA	22	NA	162
140	NA	NA	140	5	18	2	1297	137	63	NA	12	11	19
141	NA	NA	141	5	18	3	1298	NA	NA	NA	22	NA	162
142	NA	NA	142	5	19	2	1299	NA	NA	NA	22	NA	162
143	NA	NA	143	5	19	3	1300	NA	NA	NA	22	NA	162
144	NA	NA	144	5	20	2	1301	NA	NA	NA	22	NA	162
145	NA	NA	145	5	20	3	1302	NA	NA	NA	22	NA	162
146	NA	NA	146	6	1	2	1593	NA	NA	NA	22	NA	162
147	NA	NA	147	6	2	2	1594	83	NA	67	12	11	217
148	NA	NA	148	6	3	2	1595	NA	NA	NA	22	NA	162
149	NA	NA	149	6	4	2	1596	NA	NA	NA	22	NA	162
150	NA	NA	150	6	5	2	1597	209	51	NA	13	11	217
151	NA	NA	151	6	6	2	1598	209	51	NA	13	11	217
152	NA	NA	152	15	15	2	192	NA	NA	NA	22	NA	162
153	NA	NA	152	6	7	2	1599	NA	NA	NA	22	NA	162
154	NA	NA	153	6	8	2	1600	NA	NA	NA	22	NA	162
155	NA	NA	154	6	9	2	1601	67	174	98	13	11	217
156	NA	NA	155	6	10	2	1602	NA	NA	NA	22	NA	162
157	NA	NA	156	6	11	2	1603	NA	NA	NA	22	NA	162
158	NA	NA	157	6	12	2	1604	67	174	98	13	11	217
159	NA	NA	158	6	12	3	1605	NA	NA	NA	22	NA	162
160	NA	NA	159	6	13	2	1606	NA	NA	NA	22	NA	162
161	NA	NA	160	6	13	3	1607	NA	NA	NA	22	NA	162
162	NA	NA	161	6	14	2	1608	76	119	84	13	12	110
163	NA	NA	162	6	14	3	1609	NA	NA	NA	22	NA	162
164	NA	NA	163	6	15	2	1610	NA	NA	NA	22	NA	162
165	NA	NA	164	6	15	3	1611	NA	NA	NA	22	NA	162
166	NA	NA	165	6	16	2	1612	NA	NA	NA	22	NA	162
167	NA	NA	166	6	16	3	1613	NA	NA	NA	22	NA	162
168	NA	NA	167	6	17	2	1614	NA	NA	NA	22	NA	162
169	NA	NA	168	6	17	3	1615	NA	NA	NA	22	NA	162
170	NA	NA	169	6	18	2	1616	NA	NA	NA	22	NA	162
171	NA	NA	170	6	18	3	1617	NA	NA	NA	22	NA	162
172	NA	NA	171	6	19	2	1618	NA	NA	NA	22	NA	162
173	NA	NA	172	6	19	3	1619	NA	NA	NA	22	NA	162
174	NA	NA	173	6	20	2	1620	21	175	NA	12	11	218
175	NA	NA	174	6	20	3	1621	NA	NA	NA	22	NA	162
176	NA	NA	175	7	1	2	1874	NA	NA	NA	22	NA	162
177	NA	NA	176	7	2	2	1875	207	222	NA	13	11	217
178	NA	NA	177	7	3	2	1876	14	48	67	12	11	217
179	NA	NA	178	7	4	2	1877	NA	NA	NA	22	NA	162
180	NA	NA	179	7	5	2	1878	227	256	NA	13	11	217
181	NA	NA	180	7	6	2	1879	2	272	70	13	10	213
182	NA	NA	181	7	7	2	1880	NA	NA	NA	22	NA	162
183	NA	NA	182	7	8	2	1881	NA	NA	NA	22	NA	162
184	NA	NA	183	7	9	2	1882	35	223	NA	13	11	217
185	NA	NA	184	7	10	2	1883	NA	NA	NA	22	NA	162
186	NA	NA	185	7	11	2	1884	NA	NA	NA	22	NA	162
187	NA	NA	186	7	12	2	1885	NA	NA	NA	22	NA	162
188	NA	NA	187	7	12	3	1886	NA	NA	NA	22	NA	162
189	NA	NA	188	7	13	2	1887	NA	NA	NA	22	NA	162
190	NA	NA	189	7	13	3	1888	NA	NA	NA	22	NA	162
191	NA	NA	190	7	14	2	1889	NA	NA	NA	22	NA	162
192	NA	NA	191	7	14	3	1890	NA	NA	NA	22	NA	162
193	NA	NA	192	7	15	2	1891	NA	NA	NA	22	NA	162
194	NA	NA	193	7	15	3	1892	NA	NA	NA	22	NA	162
195	NA	NA	194	7	16	2	1893	NA	NA	NA	22	NA	162
196	NA	NA	195	7	16	3	1894	NA	NA	NA	22	NA	162
197	NA	NA	196	7	17	2	1895	110	203	NA	18	4	58
198	NA	NA	197	7	17	3	1896	NA	NA	NA	22	NA	162
199	NA	NA	198	7	18	2	1897	110	203	NA	18	4	58
200	NA	NA	199	7	18	3	1898	NA	NA	NA	22	NA	162
201	NA	NA	200	7	19	2	1899	110	203	NA	18	4	58
202	NA	NA	201	7	19	3	1900	NA	NA	NA	22	NA	162
203	NA	NA	202	7	20	2	1901	110	203	NA	18	4	58
204	NA	NA	203	7	20	3	1902	NA	NA	NA	22	NA	162
205	NA	NA	204	8	1	2	1903	30	NA	NA	22	NA	162
206	NA	NA	205	8	2	2	1904	30	49	67	12	13	217
207	NA	NA	206	8	3	2	1905	NA	NA	NA	22	NA	162
208	NA	NA	207	8	4	2	1906	NA	NA	NA	22	NA	162
209	NA	NA	208	8	5	2	1907	NA	NA	NA	22	NA	162
210	NA	NA	209	8	6	2	1908	97	136	67	12	11	219
211	NA	NA	210	8	7	2	1909	NA	NA	NA	22	NA	162
212	NA	NA	211	8	8	2	1910	NA	NA	NA	22	NA	162
213	NA	NA	212	8	9	2	1911	NA	NA	NA	22	NA	162
214	NA	NA	213	8	10	2	1912	142	48	67	12	11	162
215	NA	NA	214	8	11	2	1913	NA	NA	NA	22	NA	162
216	NA	NA	215	8	12	2	1914	NA	NA	NA	22	NA	162
217	NA	NA	216	8	12	3	1915	102	247	67	12	11	220
218	NA	NA	217	8	13	2	1916	NA	NA	NA	22	NA	162
219	NA	NA	218	8	13	3	1917	NA	NA	NA	22	NA	162
220	NA	NA	219	8	14	2	1918	NA	NA	NA	22	NA	162
221	NA	NA	220	8	14	3	1919	NA	NA	NA	22	NA	162
222	NA	NA	221	8	15	2	1920	NA	NA	NA	22	NA	162
223	NA	NA	222	8	15	3	1921	NA	NA	NA	22	NA	162
224	NA	NA	223	8	16	2	1922	149	203	72	18	4	162
225	NA	NA	224	8	16	3	1923	NA	NA	NA	22	NA	162
226	NA	NA	225	8	17	2	1924	149	203	72	18	4	162
227	NA	NA	226	8	17	3	1925	NA	NA	NA	22	NA	162
228	NA	NA	227	8	18	2	1926	149	203	72	18	4	162
229	NA	NA	228	8	18	3	1927	NA	NA	NA	22	NA	162
230	NA	NA	229	8	19	2	1928	149	203	72	18	4	162
231	NA	NA	230	8	19	3	1929	NA	NA	NA	22	NA	162
232	NA	NA	231	8	20	2	1930	149	203	72	18	4	162
233	NA	NA	232	8	20	3	1931	NA	NA	NA	22	NA	162
234	NA	NA	233	9	1	2	1932	NA	NA	NA	22	NA	162
235	NA	NA	234	9	2	2	1933	NA	NA	NA	22	NA	162
236	NA	NA	235	9	3	2	1934	NA	NA	NA	22	NA	162
237	NA	NA	236	9	4	2	1935	NA	NA	NA	22	NA	162
238	NA	NA	237	9	5	2	1936	113	250	67	17	11	96
239	NA	NA	238	9	6	2	1937	113	250	67	17	11	162
240	NA	NA	239	9	7	2	1938	91	101	78	12	11	137
241	NA	NA	240	9	8	2	1939	63	187	110	13	11	109
242	NA	NA	241	9	9	2	1940	NA	NA	NA	22	NA	162
243	NA	NA	242	9	10	2	1941	NA	NA	NA	22	NA	162
244	NA	NA	243	9	11	2	1942	NA	NA	NA	22	NA	162
245	NA	NA	244	9	12	2	1943	NA	NA	NA	22	NA	162
246	NA	NA	245	9	12	3	1944	NA	NA	NA	22	NA	162
247	NA	NA	246	9	13	2	1945	NA	NA	NA	22	NA	162
248	NA	NA	247	9	13	3	1946	NA	NA	NA	22	NA	162
249	NA	NA	248	9	14	2	1947	NA	NA	NA	22	NA	162
250	NA	NA	249	9	14	3	1948	NA	NA	NA	22	NA	162
251	NA	NA	250	9	15	2	1949	NA	NA	NA	22	NA	162
252	NA	NA	251	9	15	3	1950	NA	NA	NA	22	NA	162
253	NA	NA	252	9	16	2	1951	NA	NA	NA	22	NA	162
254	NA	NA	253	9	16	3	1952	NA	NA	NA	22	NA	162
255	NA	NA	254	9	17	2	1953	214	260	129	19	11	162
256	NA	NA	255	9	17	3	1954	NA	NA	NA	22	NA	162
257	NA	NA	256	9	18	2	1955	NA	NA	NA	22	NA	162
258	NA	NA	257	9	18	3	1956	NA	NA	NA	22	NA	162
259	NA	NA	258	9	19	2	1957	NA	NA	NA	22	NA	162
260	NA	NA	259	9	19	3	1958	NA	NA	NA	22	NA	162
261	NA	NA	260	9	20	2	1959	NA	NA	NA	22	NA	162
262	NA	NA	261	9	20	3	1960	NA	NA	NA	22	NA	162
263	NA	NA	262	10	1	2	30	NA	NA	NA	22	NA	162
264	NA	NA	263	10	2	2	31	NA	NA	NA	22	NA	162
265	NA	NA	264	10	3	2	32	52	274	67	13	10	211
266	NA	NA	265	10	4	2	33	52	274	67	13	10	211
267	NA	NA	266	10	5	2	34	194	276	108	15	11	9
268	NA	NA	267	10	6	2	35	NA	NA	NA	22	NA	162
269	NA	NA	268	10	7	2	36	94	48	67	13	10	209
270	NA	NA	269	10	8	2	37	94	48	67	13	10	209
271	NA	NA	270	10	9	2	38	64	100	78	17	11	190
272	NA	NA	271	10	10	2	39	64	100	81	17	11	10
273	NA	NA	272	10	11	2	40	NA	NA	NA	22	NA	162
274	NA	NA	273	10	12	2	41	NA	NA	NA	22	NA	162
275	NA	NA	274	10	12	3	42	NA	NA	NA	22	NA	162
276	NA	NA	275	10	13	2	43	71	195	110	14	11	194
277	NA	NA	276	10	13	3	44	NA	NA	NA	22	NA	162
278	NA	NA	277	10	14	2	45	214	261	129	18	11	34
279	NA	NA	278	10	14	3	46	NA	NA	NA	22	NA	162
280	NA	NA	279	10	15	2	47	NA	NA	NA	22	NA	162
281	NA	NA	280	10	15	3	48	NA	NA	NA	22	NA	162
282	NA	NA	281	10	16	2	49	NA	NA	NA	22	NA	162
283	NA	NA	282	10	16	3	50	NA	NA	NA	22	NA	162
284	NA	NA	283	10	17	2	51	202	143	81	14	11	180
285	NA	NA	284	10	17	3	52	NA	NA	NA	22	NA	162
286	NA	NA	285	10	18	2	53	NA	NA	NA	22	NA	162
287	NA	NA	286	10	18	3	54	NA	NA	NA	22	NA	162
288	NA	NA	287	10	19	2	55	NA	NA	NA	22	NA	162
289	NA	NA	288	10	19	3	56	NA	NA	NA	22	NA	162
290	NA	NA	289	10	20	2	57	NA	NA	NA	22	NA	162
291	NA	NA	290	10	20	3	58	NA	NA	NA	22	NA	162
292	NA	NA	291	11	1	2	59	184	144	88	15	3	82
293	NA	NA	292	11	2	2	60	203	2	48	13	3	78
294	NA	NA	293	11	3	2	61	138	135	83	18	3	81
295	NA	NA	294	11	4	2	62	10	61	61	13	3	181
296	NA	NA	295	11	5	2	63	59	216	100	18	3	77
297	NA	NA	296	11	6	2	64	224	100	78	17	11	153
298	NA	NA	297	11	7	2	65	37	113	73	17	3	79
299	NA	NA	298	11	8	2	66	208	36	60	15	3	162
300	NA	NA	299	11	9	2	67	72	132	82	13	11	182
301	NA	NA	300	11	10	2	68	222	163	106	17	3	192
302	NA	NA	301	11	11	2	69	NA	NA	NA	22	NA	162
303	NA	NA	302	11	12	2	70	216	70	119	13	11	101
304	NA	NA	303	11	12	3	71	NA	NA	NA	22	NA	162
305	NA	NA	304	11	13	2	72	NA	NA	NA	22	NA	162
306	NA	NA	305	11	13	3	73	NA	NA	NA	22	NA	162
307	NA	NA	306	11	14	2	74	55	96	122	14	3	100
308	NA	NA	307	11	14	3	75	NA	NA	NA	22	NA	162
309	NA	NA	308	11	15	2	76	NA	NA	NA	22	NA	162
310	NA	NA	309	11	15	3	77	NA	NA	NA	22	NA	162
311	NA	NA	310	11	16	2	78	214	260	129	19	11	162
312	NA	NA	311	11	16	3	79	NA	NA	NA	22	NA	162
313	NA	NA	312	11	17	2	80	214	260	129	19	11	162
314	NA	NA	313	11	17	3	81	NA	NA	NA	22	NA	162
315	NA	NA	314	11	18	2	82	214	260	129	19	11	162
316	NA	NA	315	11	18	3	83	NA	NA	NA	22	NA	162
317	NA	NA	316	11	19	2	84	214	260	129	19	11	162
318	NA	NA	317	11	19	3	85	NA	NA	NA	22	NA	162
319	NA	NA	318	11	20	2	86	214	260	129	19	11	162
320	NA	NA	319	11	20	3	87	NA	NA	NA	22	NA	162
321	NA	NA	320	12	1	2	88	NA	NA	NA	22	NA	162
322	NA	NA	321	12	2	2	89	NA	NA	NA	22	NA	162
323	NA	NA	322	12	3	2	90	NA	NA	NA	22	NA	162
324	NA	NA	323	12	4	2	91	NA	NA	NA	22	NA	162
325	NA	NA	324	12	5	2	92	NA	NA	NA	22	NA	162
326	NA	NA	325	12	6	2	93	224	189	108	17	11	8
327	NA	NA	326	12	7	2	94	NA	NA	NA	22	NA	162
328	NA	NA	327	12	8	2	95	NA	NA	NA	22	NA	162
329	NA	NA	328	12	9	2	96	143	58	71	18	3	46
330	NA	NA	329	12	10	2	97	174	255	105	13	3	134
331	NA	NA	330	12	11	2	98	NA	NA	NA	22	NA	162
332	NA	NA	331	12	12	2	99	NA	NA	NA	22	NA	162
333	NA	NA	332	12	12	3	100	NA	NA	NA	22	NA	162
334	NA	NA	333	12	13	2	101	NA	NA	NA	22	NA	162
335	NA	NA	334	12	13	3	102	NA	NA	NA	22	NA	162
336	NA	NA	335	12	14	2	103	NA	NA	NA	22	NA	162
337	NA	NA	336	12	14	3	104	NA	NA	NA	22	NA	162
338	NA	NA	337	12	15	2	105	NA	NA	NA	22	NA	162
339	NA	NA	338	12	15	3	106	NA	NA	NA	22	NA	162
340	NA	NA	339	12	16	2	107	NA	NA	NA	22	NA	162
341	NA	NA	340	12	16	3	108	NA	NA	NA	22	NA	162
342	NA	NA	341	12	17	2	109	66	57	110	13	11	132
343	NA	NA	342	12	17	3	110	NA	NA	NA	22	NA	162
344	NA	NA	343	12	18	2	111	NA	NA	NA	22	NA	162
345	NA	NA	344	12	18	3	112	NA	NA	NA	22	NA	162
346	NA	NA	345	12	19	2	113	NA	NA	NA	22	NA	162
347	NA	NA	346	12	19	3	114	NA	NA	NA	22	NA	162
348	NA	NA	347	12	20	2	115	NA	NA	NA	22	NA	162
349	NA	NA	348	12	20	3	116	NA	NA	NA	22	NA	162
350	NA	NA	349	13	1	2	117	106	28	NA	23	7	187
351	NA	NA	350	13	2	2	118	106	28	NA	23	7	187
352	NA	NA	351	13	3	2	119	106	29	NA	23	9	187
353	NA	NA	352	13	4	2	120	106	29	NA	23	9	187
354	NA	NA	353	13	5	2	121	106	29	NA	23	9	187
355	NA	NA	354	13	6	2	122	106	28	NA	23	7	187
356	NA	NA	355	13	7	2	123	106	28	NA	23	7	187
357	NA	NA	356	13	8	2	124	106	28	NA	23	7	187
358	NA	NA	357	13	9	2	125	106	28	NA	23	7	187
359	NA	NA	358	13	10	2	126	195	226	108	17	11	154
360	NA	NA	359	13	11	2	127	NA	NA	NA	22	NA	162
361	NA	NA	360	13	12	2	128	NA	NA	NA	22	NA	162
362	NA	NA	361	13	12	3	129	NA	NA	NA	22	NA	162
363	NA	NA	362	13	13	2	130	NA	NA	NA	22	NA	162
364	NA	NA	363	13	13	3	131	NA	NA	NA	22	NA	162
365	NA	NA	364	13	14	2	132	NA	NA	NA	22	NA	162
366	NA	NA	365	13	14	3	133	NA	NA	NA	22	NA	162
367	NA	NA	366	13	15	2	134	NA	NA	NA	22	NA	162
368	NA	NA	367	13	15	3	135	NA	NA	NA	22	NA	162
369	NA	NA	368	13	16	2	136	NA	NA	NA	22	NA	162
370	NA	NA	369	13	16	3	137	NA	NA	NA	22	NA	162
371	NA	NA	370	13	17	2	138	NA	NA	NA	22	NA	162
372	NA	NA	371	13	17	3	139	NA	NA	NA	22	NA	162
373	NA	NA	372	13	18	2	140	NA	NA	NA	22	NA	162
374	NA	NA	373	13	18	3	141	NA	NA	NA	22	NA	162
375	NA	NA	374	13	19	2	142	NA	NA	NA	22	NA	162
376	NA	NA	375	13	19	3	143	NA	NA	NA	22	NA	162
377	NA	NA	376	13	20	2	144	NA	NA	NA	22	NA	162
378	NA	NA	377	13	20	3	145	NA	NA	NA	22	NA	162
379	NA	NA	378	14	1	2	146	98	190	108	17	11	18
380	NA	NA	379	14	2	2	147	98	190	108	17	11	18
381	NA	NA	380	14	3	2	148	98	112	108	15	11	38
382	NA	NA	381	14	4	2	149	NA	NA	NA	22	NA	162
383	NA	NA	382	14	5	2	150	NA	NA	NA	22	NA	162
384	NA	NA	383	14	6	2	151	NA	NA	NA	22	NA	162
385	NA	NA	384	14	7	2	152	NA	NA	NA	22	NA	162
386	NA	NA	385	14	8	2	153	NA	NA	NA	22	NA	162
387	NA	NA	386	14	9	2	154	NA	NA	NA	22	NA	162
388	NA	NA	387	14	10	2	155	NA	NA	NA	22	NA	162
389	NA	NA	388	14	11	2	156	NA	NA	NA	22	NA	162
390	NA	NA	389	14	12	2	157	NA	NA	NA	22	NA	162
391	NA	NA	390	14	12	3	158	NA	NA	NA	22	NA	162
392	NA	NA	391	14	13	2	159	NA	NA	NA	22	NA	162
393	NA	NA	392	14	13	3	160	NA	NA	NA	22	NA	162
394	NA	NA	393	14	14	2	161	NA	NA	NA	22	NA	162
395	NA	NA	394	14	14	3	162	NA	NA	NA	22	NA	162
396	NA	NA	395	14	15	2	163	NA	NA	NA	22	NA	162
397	NA	NA	396	14	15	3	164	NA	NA	NA	22	NA	162
398	NA	NA	397	14	16	2	165	NA	NA	NA	22	NA	162
399	NA	NA	398	14	16	3	166	NA	NA	NA	22	NA	162
400	NA	NA	399	14	17	2	167	NA	NA	NA	22	NA	162
401	NA	NA	400	14	17	3	168	NA	NA	NA	22	NA	162
402	NA	NA	401	14	18	2	169	NA	NA	NA	22	NA	162
403	NA	NA	402	14	18	3	170	NA	NA	NA	22	NA	162
404	NA	NA	403	14	19	2	171	NA	NA	NA	22	NA	162
405	NA	NA	404	14	19	3	172	NA	NA	NA	22	NA	162
406	NA	NA	405	14	20	2	173	NA	NA	NA	22	NA	162
407	NA	NA	406	14	20	3	174	NA	NA	NA	22	NA	162
408	NA	NA	407	15	1	2	175	NA	NA	NA	22	NA	162
409	NA	NA	408	15	2	2	176	NA	NA	NA	22	NA	162
410	NA	NA	409	15	3	2	177	NA	NA	NA	22	NA	162
411	NA	NA	410	15	4	2	178	NA	NA	NA	22	NA	162
412	NA	NA	411	15	5	2	179	NA	NA	NA	22	NA	162
413	NA	NA	412	15	6	2	180	NA	NA	NA	22	NA	162
414	NA	NA	413	15	7	2	181	NA	NA	NA	22	NA	162
415	NA	NA	414	15	8	2	182	NA	NA	NA	22	NA	162
416	NA	NA	415	15	9	2	183	NA	NA	NA	22	NA	162
417	NA	NA	416	15	10	2	184	NA	NA	NA	22	NA	162
418	NA	NA	417	15	11	2	185	NA	NA	NA	22	NA	162
419	NA	NA	418	15	12	2	186	NA	NA	NA	22	NA	162
420	NA	NA	419	15	12	3	187	NA	NA	NA	22	NA	162
421	NA	NA	420	15	13	2	188	NA	NA	NA	22	NA	162
422	NA	NA	421	15	13	3	189	NA	NA	NA	22	NA	162
423	NA	NA	422	15	14	2	190	NA	NA	NA	22	NA	162
424	NA	NA	423	15	14	3	191	NA	NA	NA	22	NA	162
425	NA	NA	425	15	15	3	193	NA	NA	NA	22	NA	162
426	NA	NA	426	15	16	2	194	NA	NA	NA	22	NA	162
427	NA	NA	427	15	16	3	195	NA	NA	NA	22	NA	162
428	NA	NA	428	15	17	2	196	NA	NA	NA	22	NA	162
429	NA	NA	429	15	17	3	197	NA	NA	NA	22	NA	162
430	NA	NA	430	15	18	2	198	NA	NA	NA	22	NA	162
431	NA	NA	431	15	18	3	199	NA	NA	NA	22	NA	162
432	NA	NA	432	15	19	2	200	NA	NA	NA	22	NA	162
433	NA	NA	433	15	19	3	201	NA	NA	NA	22	NA	162
434	NA	NA	434	15	20	2	202	NA	NA	NA	22	NA	162
435	NA	NA	435	15	20	3	203	NA	NA	NA	22	NA	162
436	NA	NA	436	16	1	2	204	NA	NA	NA	22	NA	162
437	NA	NA	437	16	2	2	205	NA	NA	NA	22	NA	162
438	NA	NA	438	16	3	2	206	84	40	55	23	7	21
439	NA	NA	439	16	4	2	207	NA	NA	NA	22	NA	162
440	NA	NA	440	16	5	2	208	NA	NA	NA	22	NA	162
441	NA	NA	441	16	6	2	209	NA	NA	NA	22	NA	162
442	NA	NA	442	16	7	2	210	NA	NA	NA	22	NA	162
443	NA	NA	443	16	8	2	211	NA	NA	NA	22	NA	162
444	NA	NA	444	16	9	2	212	NA	NA	NA	22	NA	162
445	NA	NA	445	16	10	2	213	NA	NA	NA	22	NA	162
446	NA	NA	446	16	11	2	214	NA	NA	NA	22	NA	162
447	NA	NA	447	16	12	2	215	NA	NA	NA	22	NA	162
448	NA	NA	448	16	12	3	216	NA	NA	NA	22	NA	162
449	NA	NA	449	16	13	2	217	NA	NA	NA	22	NA	162
450	NA	NA	450	16	13	3	218	NA	NA	NA	22	NA	162
451	NA	NA	451	16	14	2	219	NA	NA	NA	22	NA	162
452	NA	NA	452	16	14	3	220	NA	NA	NA	22	NA	162
453	NA	NA	453	16	15	2	221	NA	NA	NA	22	NA	162
454	NA	NA	454	16	15	3	222	NA	NA	NA	22	NA	162
455	NA	NA	455	16	16	2	223	NA	NA	NA	22	NA	162
456	NA	NA	456	16	16	3	224	NA	NA	NA	22	NA	162
457	NA	NA	457	16	17	2	225	NA	NA	NA	22	NA	162
458	NA	NA	458	16	17	3	226	NA	NA	NA	22	NA	162
459	NA	NA	459	16	18	2	227	NA	NA	NA	22	NA	162
460	NA	NA	460	16	18	3	228	NA	NA	NA	22	NA	162
461	NA	NA	461	16	19	2	229	122	146	NA	11	3	139
462	NA	NA	462	16	19	3	230	NA	NA	NA	22	NA	162
463	NA	NA	463	16	20	2	231	NA	NA	NA	22	NA	162
464	NA	NA	464	16	20	3	232	NA	NA	NA	22	NA	162
465	NA	NA	465	17	1	2	233	NA	NA	NA	22	NA	162
466	NA	NA	466	17	2	2	234	NA	NA	NA	22	NA	162
467	NA	NA	467	17	3	2	235	18	234	NA	23	7	162
468	NA	NA	468	17	4	2	236	NA	NA	NA	22	NA	162
469	NA	NA	469	17	5	2	237	NA	NA	NA	22	NA	162
470	NA	NA	470	17	6	2	238	26	43	NA	14	7	157
471	NA	NA	471	17	7	2	239	136	30	NA	23	7	162
472	NA	NA	472	17	8	2	240	136	30	NA	23	7	162
473	NA	NA	473	17	9	2	241	136	30	NA	23	7	162
474	NA	NA	474	17	10	2	242	136	16	NA	7	7	162
475	NA	NA	475	17	11	2	243	NA	NA	NA	22	NA	162
476	NA	NA	476	17	12	2	244	NA	NA	NA	22	NA	162
477	NA	NA	477	17	12	3	245	NA	NA	NA	22	NA	162
478	NA	NA	478	17	13	2	246	16	5	NA	11	3	140
479	NA	NA	479	17	13	3	247	NA	NA	NA	22	NA	162
480	NA	NA	480	17	14	2	248	NA	NA	NA	22	NA	162
481	NA	NA	481	17	14	3	249	NA	NA	NA	22	NA	162
482	NA	NA	482	17	15	2	250	226	173	110	13	11	148
483	NA	NA	483	17	15	3	251	NA	NA	NA	22	NA	162
484	NA	NA	484	17	16	2	252	NA	NA	NA	22	NA	162
485	NA	NA	485	17	16	3	253	NA	NA	NA	22	NA	162
486	NA	NA	486	17	17	2	254	NA	NA	NA	22	NA	162
487	NA	NA	487	17	17	3	255	NA	NA	NA	22	NA	162
488	NA	NA	488	17	18	2	256	NA	NA	NA	22	NA	162
489	NA	NA	489	17	18	3	257	NA	NA	NA	22	NA	162
490	NA	NA	490	17	19	2	258	15	258	NA	9	3	141
491	NA	NA	491	17	19	3	259	NA	NA	NA	22	NA	162
492	NA	NA	492	17	20	2	260	NA	NA	NA	22	NA	162
493	NA	NA	493	17	20	3	261	NA	NA	NA	22	NA	162
494	NA	NA	494	18	1	2	262	NA	NA	NA	22	NA	162
495	NA	NA	495	18	2	2	263	NA	NA	NA	22	NA	162
496	NA	NA	496	18	3	2	264	NA	NA	NA	22	NA	162
497	NA	NA	497	18	4	2	265	NA	NA	NA	22	NA	162
498	NA	NA	498	18	5	2	266	9	105	55	23	7	53
499	NA	NA	499	18	6	2	267	9	105	55	23	7	53
500	NA	NA	500	18	7	2	268	NA	NA	NA	22	NA	162
501	NA	NA	501	18	8	2	269	NA	NA	NA	22	NA	162
502	NA	NA	502	18	9	2	270	NA	NA	NA	22	NA	162
503	NA	NA	503	18	10	2	271	NA	NA	NA	22	NA	162
504	NA	NA	504	18	11	2	272	NA	NA	NA	22	NA	162
505	NA	NA	505	18	12	2	273	NA	NA	NA	22	NA	162
506	NA	NA	506	18	12	3	274	NA	NA	NA	22	NA	162
507	NA	NA	507	18	13	2	275	NA	NA	NA	22	NA	162
508	NA	NA	508	18	13	3	276	NA	NA	NA	22	NA	162
509	NA	NA	509	18	14	2	277	NA	NA	NA	22	NA	162
510	NA	NA	510	18	14	3	278	NA	NA	NA	22	NA	162
511	NA	NA	511	18	15	2	279	NA	NA	NA	22	NA	162
512	NA	NA	512	18	15	3	280	NA	NA	NA	22	NA	162
513	NA	NA	513	18	16	2	281	NA	NA	NA	22	NA	162
514	NA	NA	514	18	16	3	282	NA	NA	NA	22	NA	162
515	NA	NA	515	18	17	2	283	NA	NA	NA	22	NA	162
516	NA	NA	516	18	17	3	284	NA	NA	NA	22	NA	162
517	NA	NA	517	18	18	2	285	NA	NA	NA	22	NA	162
518	NA	NA	518	18	18	3	286	NA	NA	NA	22	NA	162
519	NA	NA	519	18	19	2	287	NA	NA	NA	22	NA	162
520	NA	NA	520	18	19	3	288	NA	NA	NA	22	NA	162
521	NA	NA	521	18	20	2	289	NA	NA	NA	22	NA	162
522	NA	NA	522	18	20	3	290	NA	NA	NA	22	NA	162
523	NA	NA	523	19	1	2	291	NA	NA	NA	22	NA	162
524	NA	NA	524	19	2	2	292	12	106	55	23	7	53
525	NA	NA	525	19	3	2	293	217	46	55	23	7	53
526	NA	NA	526	19	4	2	294	145	47	55	23	7	53
527	NA	NA	527	19	5	2	295	167	46	55	23	7	53
528	NA	NA	528	19	6	2	296	NA	NA	NA	22	NA	162
529	NA	NA	529	19	7	2	297	211	46	55	23	7	53
530	NA	NA	530	19	8	2	298	164	105	55	23	7	53
531	NA	NA	531	19	9	4	299	NA	NA	NA	22	NA	162
532	NA	NA	532	19	10	2	300	NA	NA	NA	22	NA	162
533	NA	NA	533	19	11	2	301	NA	NA	NA	22	NA	162
534	NA	NA	534	19	12	2	302	NA	NA	NA	22	NA	162
535	NA	NA	535	19	12	3	303	NA	NA	NA	22	NA	162
536	NA	NA	536	19	13	2	304	27	210	60	11	3	132
537	NA	NA	537	19	13	3	305	NA	NA	NA	22	NA	162
538	NA	NA	538	19	14	2	306	NA	NA	NA	22	NA	162
539	NA	NA	539	19	14	3	307	NA	NA	NA	22	NA	162
540	NA	NA	540	19	15	2	308	NA	NA	NA	22	NA	162
541	NA	NA	541	19	15	3	309	NA	NA	NA	22	NA	162
542	NA	NA	542	19	16	2	310	NA	NA	NA	22	NA	162
543	NA	NA	543	19	16	3	311	NA	NA	NA	22	NA	162
544	NA	NA	544	19	17	2	312	NA	NA	NA	22	NA	162
545	NA	NA	545	19	17	3	313	NA	NA	NA	22	NA	162
546	NA	NA	546	19	18	2	314	NA	NA	NA	22	NA	162
547	NA	NA	547	19	18	3	315	NA	NA	NA	22	NA	162
548	NA	NA	548	19	19	2	316	NA	NA	NA	22	NA	162
549	NA	NA	549	19	19	3	317	NA	NA	NA	22	NA	162
550	NA	NA	550	19	20	2	318	NA	NA	NA	22	NA	162
551	NA	NA	551	19	20	3	319	NA	NA	NA	22	NA	162
552	NA	NA	552	20	1	2	349	187	17	101	17	7	35
553	NA	NA	553	20	2	2	350	187	122	44	9	7	15
554	NA	NA	554	20	3	2	351	187	17	NA	10	7	162
555	NA	NA	555	20	4	2	352	187	183	34	15	7	37
556	NA	NA	556	20	5	2	353	187	192	41	7	7	162
557	NA	NA	557	20	6	2	354	187	90	28	11	7	12
558	NA	NA	558	20	7	2	355	187	18	NA	6	7	14
559	NA	NA	559	20	8	2	356	187	120	41	10	7	5
560	NA	NA	560	20	9	2	357	187	122	22	7	9	162
561	NA	NA	561	20	10	2	358	187	147	23	23	7	6
562	NA	NA	562	20	11	2	359	NA	NA	NA	22	NA	162
563	NA	NA	563	20	12	2	360	NA	NA	NA	22	NA	162
564	NA	NA	564	20	12	3	361	NA	NA	NA	22	NA	162
565	NA	NA	565	20	13	2	362	190	164	133	17	3	162
566	NA	NA	566	20	13	3	363	190	164	133	17	3	162
567	NA	NA	567	20	14	2	364	NA	NA	NA	22	NA	162
568	NA	NA	568	20	14	3	365	NA	NA	NA	22	NA	162
569	NA	NA	569	20	15	2	366	190	115	133	17	3	162
570	NA	NA	570	20	15	3	367	190	115	133	17	3	162
571	NA	NA	571	20	16	2	368	190	140	135	17	3	162
572	NA	NA	572	20	16	3	369	190	140	135	17	3	162
573	NA	NA	573	20	17	2	370	NA	NA	NA	22	NA	162
574	NA	NA	574	20	17	3	371	NA	NA	NA	22	NA	162
575	NA	NA	575	20	18	2	372	191	139	133	17	3	162
576	NA	NA	576	20	18	3	373	NA	NA	NA	22	NA	162
577	NA	NA	577	20	19	2	374	190	213	133	17	3	162
578	NA	NA	578	20	19	3	375	NA	NA	NA	22	3	162
579	NA	NA	579	20	20	2	376	NA	NA	NA	22	NA	162
580	NA	NA	580	20	20	3	377	NA	NA	NA	22	NA	162
581	NA	NA	581	21	1	2	378	141	104	NA	22	6	62
582	NA	NA	582	21	2	2	379	187	123	46	9	9	15
583	NA	NA	583	21	3	2	380	187	121	33	10	9	17
584	NA	NA	584	21	4	2	381	114	NA	NA	22	NA	162
585	NA	NA	585	21	5	2	382	129	155	114	23	7	111
586	NA	NA	586	21	6	2	383	NA	NA	NA	22	NA	162
587	NA	NA	587	21	7	2	384	187	125	55	9	7	162
588	NA	NA	588	21	8	2	385	187	172	18	11	7	7
589	NA	NA	589	21	9	2	386	187	120	21	8	9	16
590	NA	NA	590	21	10	2	387	187	183	36	14	7	36
591	NA	NA	591	21	11	2	388	NA	NA	NA	22	NA	162
592	NA	NA	592	21	12	2	389	190	9	49	18	3	162
593	NA	NA	593	21	12	3	390	NA	NA	NA	22	NA	162
594	NA	NA	594	21	13	2	391	189	162	133	18	3	162
595	NA	NA	595	21	13	3	392	189	162	133	18	3	162
596	NA	NA	596	21	14	2	393	189	64	133	18	3	162
597	NA	NA	597	21	14	3	394	189	64	133	18	3	162
598	NA	NA	598	21	15	2	395	NA	NA	NA	22	NA	162
599	NA	NA	599	21	15	3	396	NA	NA	NA	22	NA	162
600	NA	NA	600	21	16	2	397	NA	NA	NA	22	NA	162
601	NA	NA	601	21	16	3	398	NA	NA	NA	22	NA	162
602	NA	NA	602	21	17	2	399	NA	NA	NA	22	NA	162
603	NA	NA	603	21	17	3	400	NA	NA	NA	22	NA	162
604	NA	NA	604	21	18	2	401	190	265	114	15	3	162
605	NA	NA	605	21	18	3	402	NA	NA	NA	22	NA	162
606	NA	NA	606	21	19	2	403	190	115	133	15	3	162
607	NA	NA	607	21	19	3	404	NA	NA	NA	22	NA	162
608	NA	NA	608	21	20	2	405	190	265	114	7	3	162
609	NA	NA	609	21	20	3	406	NA	NA	NA	22	NA	162
610	NA	NA	610	22	1	2	407	NA	NA	NA	22	NA	162
611	NA	NA	611	22	2	2	408	141	243	NA	22	7	126
612	NA	NA	612	22	3	2	409	141	243	NA	22	7	126
613	NA	NA	613	22	4	2	410	141	15	13	20	7	43
614	NA	NA	614	22	5	2	411	187	129	7	13	7	12
615	NA	NA	615	22	6	2	412	187	82	4	13	7	12
616	NA	NA	616	22	7	2	413	141	243	NA	20	7	56
617	NA	NA	617	22	8	2	414	NA	NA	NA	22	NA	162
618	NA	NA	618	22	9	2	415	141	243	NA	20	7	56
619	NA	NA	619	22	10	2	416	NA	NA	NA	22	NA	162
620	NA	NA	620	22	11	2	417	NA	NA	NA	22	NA	162
621	NA	NA	621	22	12	2	418	190	115	133	18	3	162
622	NA	NA	622	22	12	3	419	NA	NA	NA	22	NA	162
623	NA	NA	623	22	13	2	420	190	202	133	18	3	162
624	NA	NA	624	22	13	3	421	190	202	133	18	3	162
625	NA	NA	625	22	14	2	422	190	130	133	18	3	162
626	NA	NA	626	22	14	3	423	190	130	133	18	3	162
627	NA	NA	627	22	15	2	424	NA	NA	NA	22	NA	162
628	NA	NA	628	22	15	3	425	NA	NA	NA	22	NA	162
629	NA	NA	629	22	16	2	426	NA	NA	NA	22	NA	162
630	NA	NA	630	22	16	3	427	NA	NA	NA	22	NA	162
631	NA	NA	631	22	17	2	NA	NA	NA	NA	22	NA	162
632	NA	NA	632	22	17	3	428	190	265	114	10	3	162
633	NA	NA	633	22	18	2	429	NA	NA	NA	22	NA	162
634	NA	NA	634	22	18	3	430	190	265	114	10	3	162
635	NA	NA	635	22	19	2	431	NA	NA	NA	22	NA	162
636	NA	NA	636	22	19	3	432	NA	NA	NA	22	NA	162
637	NA	NA	637	22	20	2	433	NA	NA	NA	22	NA	162
638	NA	NA	638	22	20	3	434	NA	NA	NA	22	NA	162
639	NA	NA	639	23	1	2	435	NA	NA	NA	22	NA	162
640	NA	NA	640	23	2	2	436	119	244	NA	9	7	127
641	NA	NA	641	23	3	2	437	141	243	NA	22	7	128
642	NA	NA	642	23	4	2	438	141	33	19	10	7	119
643	NA	NA	643	23	5	2	439	119	41	57	9	7	162
644	NA	NA	644	23	6	2	440	141	243	NA	22	7	128
645	NA	NA	645	23	7	2	441	119	72	56	9	7	179
646	NA	NA	646	23	8	2	442	NA	NA	NA	22	NA	162
647	NA	NA	647	23	9	2	443	141	102	25	23	7	11
648	NA	NA	648	23	10	2	444	NA	NA	NA	22	NA	162
649	NA	NA	649	23	11	2	445	NA	NA	NA	22	NA	162
650	NA	NA	650	23	12	2	446	NA	NA	NA	22	NA	162
651	NA	NA	651	23	12	3	447	NA	NA	NA	22	NA	162
652	NA	NA	652	23	13	2	NA	NA	NA	NA	22	NA	162
653	NA	NA	653	23	13	3	448	NA	NA	NA	22	NA	162
654	NA	NA	654	23	14	2	449	NA	NA	NA	22	NA	162
655	NA	NA	655	23	14	3	450	NA	NA	NA	22	NA	162
656	NA	NA	656	23	15	2	451	NA	NA	NA	22	NA	162
657	NA	NA	657	23	15	3	452	NA	NA	NA	22	NA	162
658	NA	NA	658	23	16	2	453	NA	NA	NA	22	NA	162
659	NA	NA	659	23	16	3	454	NA	NA	NA	22	NA	162
660	NA	NA	660	23	17	2	455	190	215	134	8	3	162
661	NA	NA	661	23	17	3	456	NA	NA	NA	22	NA	162
662	NA	NA	662	23	18	2	457	NA	NA	NA	22	NA	162
663	NA	NA	663	23	18	3	458	NA	NA	NA	22	NA	162
664	NA	NA	664	23	19	2	459	NA	NA	NA	22	NA	162
665	NA	NA	665	23	19	3	460	NA	NA	NA	22	NA	162
666	NA	NA	666	23	20	2	461	NA	NA	NA	22	NA	162
667	NA	NA	667	23	20	3	462	NA	NA	NA	22	NA	162
668	NA	NA	668	24	1	2	463	141	244	NA	21	7	162
669	NA	NA	669	24	2	2	464	141	104	6	20	9	42
670	NA	NA	670	24	3	2	465	141	83	66	19	7	166
671	NA	NA	671	24	4	2	466	141	145	12	13	7	93
672	NA	NA	672	24	5	2	467	187	19	42	13	7	162
673	NA	NA	673	24	6	2	468	141	104	14	23	9	54
674	NA	NA	674	24	7	2	469	111	166	NA	23	7	162
675	NA	NA	675	24	8	2	470	141	15	16	23	7	49
676	NA	NA	676	24	9	2	471	28	268	NA	10	7	162
677	NA	NA	677	24	10	2	472	28	277	NA	10	7	162
678	NA	NA	678	24	11	2	473	NA	NA	NA	22	NA	162
679	NA	NA	679	24	12	2	474	NA	NA	NA	22	NA	162
680	NA	NA	680	24	12	3	475	NA	NA	NA	22	NA	162
681	NA	NA	681	24	13	2	476	111	240	121	13	3	162
682	NA	NA	682	24	13	3	477	111	240	121	13	3	162
683	NA	NA	683	24	14	2	478	111	108	121	12	2	162
684	NA	NA	684	24	14	3	479	NA	NA	NA	22	NA	162
685	NA	NA	685	24	15	2	480	111	141	NA	22	3	162
686	NA	NA	686	24	15	3	481	111	141	NA	22	3	162
687	NA	NA	687	24	16	2	482	111	194	121	13	3	162
688	NA	NA	688	24	16	3	483	NA	NA	NA	22	NA	162
689	NA	NA	689	24	17	2	484	178	242	124	2	3	162
690	NA	NA	690	24	17	3	485	111	242	124	2	3	162
691	NA	NA	691	24	18	2	486	111	242	124	2	3	162
692	NA	NA	692	24	18	3	487	111	242	124	2	3	162
693	NA	NA	693	24	19	2	488	111	242	124	2	3	162
694	NA	NA	694	24	19	3	489	NA	NA	NA	22	NA	162
695	NA	NA	695	24	20	2	490	NA	NA	NA	22	NA	162
696	NA	NA	696	24	20	3	491	NA	NA	NA	22	NA	162
697	NA	NA	697	25	1	2	492	141	109	3	23	7	173
698	NA	NA	698	25	2	2	493	141	103	54	23	7	44
699	NA	NA	699	25	3	2	494	141	157	9	23	7	4
700	NA	NA	700	25	4	2	495	141	165	17	23	7	113
701	NA	NA	701	25	5	2	496	141	188	NA	23	8	59
702	NA	NA	702	25	6	2	497	141	254	102	23	7	55
703	NA	NA	703	25	7	2	498	NA	NA	NA	22	NA	162
704	NA	NA	704	25	8	2	499	NA	NA	NA	22	NA	162
705	NA	NA	705	25	9	2	500	NA	NA	NA	22	NA	162
706	NA	NA	706	25	10	2	501	NA	NA	NA	22	NA	162
707	NA	NA	707	25	11	2	502	NA	NA	NA	22	NA	162
708	NA	NA	708	25	12	2	503	NA	NA	NA	22	NA	162
709	NA	NA	709	25	12	3	504	NA	NA	NA	22	NA	162
710	NA	NA	710	25	13	2	505	NA	NA	NA	22	NA	152
711	NA	NA	711	25	13	3	506	NA	NA	NA	22	NA	162
712	NA	NA	712	25	14	2	507	111	236	100	11	3	152
713	NA	NA	713	25	14	3	508	111	236	100	11	3	152
714	NA	NA	714	25	15	2	509	111	236	100	11	3	152
715	NA	NA	715	25	15	3	510	111	236	100	11	3	152
716	NA	NA	716	25	16	2	511	111	107	121	12	3	155
717	NA	NA	717	25	16	3	512	111	107	121	12	3	155
718	NA	NA	718	25	17	2	513	NA	NA	NA	22	NA	162
719	NA	NA	719	25	17	3	514	NA	NA	NA	22	NA	162
720	NA	NA	720	25	18	2	515	111	241	124	2	3	162
721	NA	NA	721	25	18	3	516	111	241	124	2	3	162
722	NA	NA	722	25	19	2	517	111	241	124	2	3	162
723	NA	NA	723	25	19	3	518	111	241	124	2	3	162
724	NA	NA	724	25	20	2	519	111	242	124	2	3	162
725	NA	NA	725	25	20	3	520	NA	NA	NA	22	NA	162
726	NA	NA	726	26	1	2	521	NA	NA	NA	22	NA	162
727	NA	NA	727	26	2	2	522	28	87	NA	23	7	162
728	NA	NA	728	26	3	2	523	NA	NA	NA	22	NA	162
729	NA	NA	729	26	4	2	524	NA	NA	NA	22	NA	162
730	NA	NA	730	26	5	2	525	28	88	NA	5	7	162
731	NA	NA	731	26	6	2	526	28	151	55	10	7	163
732	NA	NA	732	26	7	2	527	28	193	NA	23	9	162
733	NA	NA	733	26	8	2	528	28	NA	NA	22	NA	162
734	NA	NA	734	26	9	2	529	NA	NA	NA	22	NA	162
735	NA	NA	735	26	10	2	530	NA	NA	NA	22	NA	162
736	NA	NA	736	26	11	2	531	NA	NA	NA	22	NA	162
737	NA	NA	737	26	12	2	532	111	194	121	13	3	162
738	NA	NA	738	26	12	3	533	NA	NA	NA	22	NA	162
739	NA	NA	739	26	13	2	534	111	194	121	13	3	162
740	NA	NA	740	26	13	3	535	111	241	124	7	3	162
741	NA	NA	741	26	14	2	536	111	241	124	7	3	162
742	NA	NA	742	26	14	3	537	111	241	124	2	3	162
743	NA	NA	743	26	15	2	538	NA	NA	NA	22	NA	162
744	NA	NA	744	26	15	3	539	111	241	124	2	3	162
745	NA	NA	745	26	16	2	540	111	241	124	2	3	162
746	NA	NA	746	26	16	3	541	111	241	124	2	3	162
747	NA	NA	747	26	17	2	542	111	241	124	2	3	162
748	NA	NA	748	26	17	3	543	111	241	124	2	3	162
749	NA	NA	749	26	18	2	544	111	241	124	2	3	162
750	NA	NA	750	26	18	3	545	111	241	124	2	3	162
751	NA	NA	751	26	19	2	546	111	35	59	18	3	162
752	NA	NA	752	26	19	3	547	NA	NA	NA	22	NA	162
753	NA	NA	753	26	20	2	548	NA	NA	NA	22	NA	162
754	NA	NA	754	26	20	3	549	NA	NA	NA	22	NA	162
755	NA	NA	755	27	1	2	550	NA	NA	NA	22	NA	162
756	NA	NA	756	27	2	2	551	NA	NA	NA	22	NA	162
757	NA	NA	757	27	3	2	552	NA	NA	NA	22	NA	162
758	NA	NA	758	27	4	2	553	NA	NA	NA	22	NA	162
759	NA	NA	759	27	5	2	554	NA	NA	NA	22	NA	162
760	NA	NA	760	27	6	2	555	NA	NA	NA	22	NA	162
761	NA	NA	761	27	7	2	556	163	235	65	12	7	202
762	NA	NA	762	27	8	2	557	163	235	65	12	7	202
763	NA	NA	763	27	9	2	558	141	32	55	8	7	13
764	NA	NA	764	27	10	2	559	141	217	117	23	7	162
765	NA	NA	765	27	11	2	560	NA	NA	NA	22	NA	162
766	NA	NA	766	27	12	2	561	111	37	64	13	3	178
767	NA	NA	767	27	12	3	562	NA	NA	NA	22	NA	162
768	NA	NA	768	27	13	2	563	111	107	121	12	3	162
769	NA	NA	769	27	13	3	564	111	107	121	12	3	162
770	NA	NA	770	27	14	2	565	111	194	121	17	3	162
771	NA	NA	771	27	14	3	566	111	194	121	17	3	162
772	NA	NA	772	27	15	2	567	111	194	121	17	3	162
773	NA	NA	773	27	15	3	568	111	194	121	17	3	162
774	NA	NA	774	27	16	2	569	111	194	121	17	3	162
775	NA	NA	775	27	16	3	570	111	194	121	17	3	162
776	NA	NA	776	27	17	2	571	111	236	100	15	3	162
777	NA	NA	777	27	17	3	572	111	236	100	15	3	162
778	NA	NA	778	27	18	2	573	111	194	121	13	3	162
779	NA	NA	779	27	18	3	574	111	194	121	13	3	162
780	NA	NA	780	27	19	2	575	111	194	121	13	3	162
781	NA	NA	781	27	19	3	576	111	194	121	13	3	162
782	NA	NA	782	27	20	2	577	111	194	121	13	3	162
783	NA	NA	783	27	20	3	578	NA	NA	NA	22	NA	162
784	NA	NA	784	28	1	2	579	183	158	NA	23	7	20
785	NA	NA	785	28	2	2	580	183	158	NA	23	7	20
786	NA	NA	786	28	3	2	581	NA	NA	NA	22	NA	162
787	NA	NA	787	28	4	2	582	NA	NA	NA	22	NA	162
788	NA	NA	788	28	5	2	583	NA	NA	NA	22	NA	162
789	NA	NA	789	28	6	2	584	NA	NA	NA	22	NA	162
790	NA	NA	790	28	7	2	585	NA	NA	NA	22	NA	162
791	NA	NA	791	28	8	2	586	NA	NA	NA	22	NA	162
792	NA	NA	792	28	9	2	587	NA	NA	NA	22	NA	162
793	NA	NA	793	28	10	2	588	NA	NA	NA	22	NA	162
794	NA	NA	794	28	11	2	589	NA	NA	NA	22	NA	162
795	NA	NA	795	28	12	2	590	43	27	NA	8	3	162
796	NA	NA	796	28	12	3	591	NA	NA	NA	22	NA	162
797	NA	NA	797	28	13	2	592	NA	NA	NA	22	NA	162
798	NA	NA	798	28	13	3	593	NA	NA	NA	22	NA	162
799	NA	NA	799	28	14	2	594	43	27	NA	8	3	162
800	NA	NA	800	28	14	3	595	NA	NA	NA	22	NA	162
801	NA	NA	801	28	15	2	596	43	27	NA	8	3	162
802	NA	NA	802	28	15	3	597	NA	NA	NA	22	NA	162
803	NA	NA	803	28	16	2	598	111	236	100	11	3	162
804	NA	NA	804	28	16	3	599	111	236	100	11	3	162
805	NA	NA	805	28	17	2	600	111	236	100	11	3	162
806	NA	NA	806	28	17	3	601	111	236	100	11	3	162
807	NA	NA	807	28	18	2	602	NA	NA	NA	22	NA	162
808	NA	NA	808	28	18	3	603	NA	NA	NA	22	NA	162
809	NA	NA	809	28	19	2	604	NA	NA	NA	22	NA	162
810	NA	NA	810	28	19	3	605	NA	NA	NA	22	NA	162
811	NA	NA	811	28	20	2	606	169	25	114	12	3	61
812	NA	NA	812	28	20	3	607	NA	NA	NA	22	NA	162
813	NA	NA	813	29	1	2	608	196	69	60	15	3	74
814	NA	NA	814	29	2	2	609	196	230	60	14	3	73
815	NA	NA	815	29	3	2	610	69	114	40	13	3	76
816	NA	NA	816	29	4	2	611	NA	NA	NA	22	NA	162
817	NA	NA	817	29	5	2	612	51	23	100	17	3	31
818	NA	NA	818	29	6	2	613	100	278	133	17	3	210
819	NA	NA	819	29	7	2	614	NA	NA	NA	22	NA	162
820	NA	NA	820	29	8	2	615	74	201	60	13	3	132
821	NA	NA	821	29	9	2	616	NA	NA	NA	22	NA	162
822	NA	NA	822	29	10	2	617	NA	NA	NA	22	NA	162
823	NA	NA	823	29	11	2	618	NA	NA	NA	22	NA	162
824	NA	NA	824	29	12	2	619	NA	NA	NA	22	NA	162
825	NA	NA	825	29	12	3	620	NA	NA	NA	22	NA	162
826	NA	NA	826	29	13	2	621	NA	NA	NA	22	NA	162
827	NA	NA	827	29	13	3	622	NA	NA	NA	22	NA	162
828	NA	NA	828	29	14	2	623	155	10	49	11	3	24
829	NA	NA	829	29	14	3	624	103	257	120	11	3	27
830	NA	NA	830	29	15	2	625	24	180	104	13	3	65
831	NA	NA	831	29	15	3	626	215	149	114	15	3	162
832	NA	NA	832	29	16	2	627	162	14	118	15	3	40
833	NA	NA	833	29	16	3	628	NA	NA	NA	22	NA	162
834	NA	NA	834	29	17	2	629	162	14	118	15	3	40
835	NA	NA	835	29	17	3	630	NA	NA	NA	22	NA	162
836	NA	NA	836	29	18	2	631	162	14	118	15	3	40
837	NA	NA	837	29	18	3	632	NA	NA	NA	22	NA	162
838	NA	NA	838	29	19	2	633	181	11	50	13	3	162
839	NA	NA	839	29	19	3	634	170	263	NA	10	3	162
840	NA	NA	840	29	20	2	635	NA	NA	NA	22	NA	162
841	NA	NA	841	29	20	3	636	NA	NA	NA	22	NA	162
842	NA	NA	842	30	1	2	666	NA	NA	NA	22	NA	162
843	NA	NA	843	30	2	2	667	NA	NA	NA	22	NA	162
844	NA	NA	844	30	3	2	668	NA	NA	NA	22	NA	162
845	NA	NA	845	30	4	2	669	221	197	126	12	2	183
846	NA	NA	846	30	5	2	670	47	126	126	14	3	193
847	NA	NA	847	30	6	2	671	177	262	125	13	3	30
848	NA	NA	848	30	7	2	672	132	245	38	15	3	132
849	NA	NA	849	30	8	2	673	77	67	80	12	2	215
850	NA	NA	850	30	9	2	674	82	191	125	8	3	22
851	NA	NA	851	30	10	2	675	NA	NA	NA	22	NA	162
852	NA	NA	852	30	11	2	676	NA	NA	NA	22	NA	162
853	NA	NA	853	30	12	2	677	NA	NA	NA	22	NA	162
854	NA	NA	854	30	12	3	678	NA	NA	NA	22	NA	162
855	NA	NA	855	30	13	2	679	171	26	114	12	3	136
856	NA	NA	856	30	13	3	680	NA	NA	NA	22	NA	162
857	NA	NA	857	30	14	2	681	154	38	79	15	3	33
858	NA	NA	858	30	14	3	682	168	11	93	13	3	132
859	NA	NA	859	30	15	2	683	219	86	NA	17	3	132
860	NA	NA	860	30	15	3	684	219	86	NA	17	3	132
861	NA	NA	861	30	16	2	685	NA	NA	NA	22	NA	162
862	NA	NA	862	30	16	3	686	19	257	NA	3	2	162
863	NA	NA	863	30	17	2	687	78	55	113	12	3	202
864	NA	NA	864	30	17	3	688	NA	NA	NA	22	NA	162
865	NA	NA	865	30	18	2	689	126	56	NA	7	2	162
866	NA	NA	866	30	18	3	690	NA	NA	NA	22	NA	162
867	NA	NA	867	30	19	2	691	104	54	114	11	3	69
868	NA	NA	868	30	19	3	692	NA	NA	NA	22	NA	162
869	NA	NA	869	30	20	2	693	126	94	NA	5	2	162
870	NA	NA	870	30	20	3	694	NA	NA	NA	22	NA	162
871	NA	NA	871	31	1	2	695	113	75	60	15	3	162
872	NA	NA	872	31	2	2	696	113	4	60	15	3	94
873	NA	NA	873	31	3	2	697	113	250	100	15	3	120
874	NA	NA	874	31	4	2	698	113	250	100	14	3	130
875	NA	NA	875	31	5	2	699	NA	NA	NA	22	NA	162
876	NA	NA	876	31	6	2	700	113	124	133	14	3	125
877	NA	NA	877	31	7	2	701	113	124	133	14	3	125
878	NA	NA	878	31	8	2	702	NA	NA	NA	22	NA	162
879	NA	NA	879	31	9	2	703	113	207	60	15	3	162
880	NA	NA	880	31	10	2	704	113	124	60	13	3	39
881	NA	NA	881	31	11	2	705	NA	NA	NA	22	NA	162
882	NA	NA	882	31	12	2	706	121	267	114	12	3	193
883	NA	NA	883	31	12	3	707	NA	NA	NA	22	NA	162
884	NA	NA	884	31	13	2	708	41	25	NA	4	2	162
885	NA	NA	885	31	13	3	709	NA	NA	NA	22	NA	162
886	NA	NA	886	31	14	2	710	146	156	92	12	2	214
887	NA	NA	887	31	14	3	711	NA	NA	NA	22	NA	162
888	NA	NA	888	31	15	2	712	204	237	114	12	3	23
889	NA	NA	889	31	15	3	713	NA	NA	NA	22	NA	162
890	NA	NA	890	31	16	2	714	204	237	114	12	3	23
891	NA	NA	891	31	16	3	715	204	237	114	12	3	23
892	NA	NA	892	31	17	2	716	205	264	35	11	3	70
893	NA	NA	893	31	17	3	717	205	118	114	14	3	70
894	NA	NA	894	31	18	2	718	NA	NA	NA	22	NA	162
895	NA	NA	895	31	18	3	719	NA	NA	NA	22	NA	162
896	NA	NA	896	31	19	2	720	NA	NA	NA	22	NA	162
897	NA	NA	897	31	19	3	721	NA	NA	NA	22	NA	162
898	NA	NA	898	31	20	2	722	126	94	NA	4	2	162
899	NA	NA	899	31	20	3	723	NA	NA	NA	22	NA	162
900	NA	NA	900	32	1	2	724	113	74	60	14	3	41
901	NA	NA	901	32	2	2	725	113	74	60	14	3	41
902	NA	NA	902	32	3	2	726	NA	NA	NA	22	NA	162
903	NA	NA	903	32	4	2	727	113	206	60	15	3	162
904	NA	NA	904	32	5	2	728	113	209	100	15	3	208
905	NA	NA	905	32	6	2	729	113	209	100	15	3	208
906	NA	NA	906	32	7	2	730	113	209	100	15	3	208
907	NA	NA	907	32	8	2	731	113	208	60	15	3	131
908	NA	NA	908	32	9	2	732	113	208	60	14	3	45
909	NA	NA	909	32	10	2	733	NA	NA	NA	22	NA	162
910	NA	NA	910	32	11	2	734	NA	NA	NA	22	NA	162
911	NA	NA	911	32	12	2	735	NA	NA	NA	22	NA	162
912	NA	NA	912	32	12	3	736	NA	NA	NA	22	NA	162
913	NA	NA	913	32	13	2	737	115	91	121	17	3	80
914	NA	NA	914	32	13	3	738	156	71	10	12	3	75
915	NA	NA	915	32	14	2	739	180	150	114	17	3	60
916	NA	NA	916	32	14	3	740	180	150	114	17	3	60
917	NA	NA	917	32	15	2	741	73	110	79	17	3	83
918	NA	NA	918	32	15	3	742	73	110	79	17	3	83
919	NA	NA	919	32	16	2	743	NA	NA	NA	22	NA	162
920	NA	NA	920	32	16	3	744	152	NA	NA	22	NA	189
921	NA	NA	921	32	17	2	745	113	250	100	15	3	129
922	NA	NA	922	32	17	3	746	113	250	100	15	3	129
923	NA	NA	923	32	18	2	747	113	250	100	15	3	129
924	NA	NA	924	32	18	3	748	NA	NA	NA	22	NA	162
925	NA	NA	925	32	19	2	749	113	219	100	15	3	162
926	NA	NA	926	32	19	3	750	NA	NA	NA	22	NA	162
927	NA	NA	927	32	20	2	751	113	275	60	14	3	162
928	NA	NA	928	32	20	3	752	NA	NA	NA	22	NA	162
929	NA	NA	929	33	1	2	753	134	168	94	14	3	162
930	NA	NA	930	33	2	2	754	NA	NA	NA	22	NA	162
931	NA	NA	931	33	3	2	755	44	116	60	13	3	149
932	NA	NA	932	33	4	2	756	44	116	60	13	3	149
933	NA	NA	933	33	5	2	757	29	66	NA	12	3	174
934	NA	NA	934	33	6	2	758	134	232	53	14	3	162
935	NA	NA	935	33	7	2	759	134	232	53	13	3	159
936	NA	NA	936	33	8	2	760	NA	NA	NA	22	NA	162
937	NA	NA	937	33	9	2	761	134	159	106	14	3	162
938	NA	NA	938	33	10	2	762	134	279	136	14	3	162
939	NA	NA	939	33	11	2	763	NA	NA	NA	22	NA	162
940	NA	NA	940	33	12	2	764	87	247	63	10	3	162
941	NA	NA	941	33	12	3	765	NA	NA	NA	22	NA	162
942	NA	NA	942	33	13	2	766	101	225	116	16	3	68
943	NA	NA	943	33	13	3	767	101	34	59	17	3	67
944	NA	NA	944	33	14	1	768	160	216	112	14	3	72
945	NA	NA	945	33	14	3	769	NA	NA	NA	22	NA	162
946	NA	NA	946	33	15	2	770	NA	NA	NA	22	NA	162
947	NA	NA	947	33	15	3	771	NA	NA	NA	22	NA	162
948	NA	NA	948	33	16	2	772	165	36	60	14	3	216
949	NA	NA	949	33	16	3	773	NA	NA	NA	22	NA	162
950	NA	NA	950	33	17	2	774	90	81	15	15	3	89
951	NA	NA	951	33	17	3	775	NA	NA	NA	22	NA	162
952	NA	NA	952	33	18	2	776	70	36	45	14	3	90
953	NA	NA	953	33	18	3	777	NA	NA	NA	22	NA	162
954	NA	NA	954	33	19	2	778	134	159	53	13	3	162
955	NA	NA	955	33	19	3	779	134	36	60	14	3	162
956	NA	NA	956	33	20	2	780	134	278	133	14	3	162
957	NA	NA	957	33	20	3	781	NA	NA	NA	22	NA	162
958	NA	NA	958	34	1	2	782	134	278	133	15	3	162
959	NA	NA	959	34	2	2	783	134	160	NA	15	3	158
960	NA	NA	960	34	3	2	784	188	246	100	14	3	184
961	NA	NA	961	34	4	2	785	134	160	NA	15	3	158
962	NA	NA	962	34	5	2	786	50	36	62	14	3	162
963	NA	NA	963	34	6	2	787	192	36	60	8	3	175
964	NA	NA	964	34	7	2	788	134	34	59	14	3	177
965	NA	NA	965	34	8	2	789	134	169	95	14	3	162
966	NA	NA	966	34	9	2	790	134	34	59	15	3	185
967	NA	NA	967	34	10	2	791	NA	NA	NA	22	NA	162
968	NA	NA	968	34	11	2	792	NA	NA	NA	22	NA	162
969	NA	NA	969	34	12	2	793	134	278	133	13	3	162
970	NA	NA	970	34	12	3	794	NA	NA	NA	22	NA	162
971	NA	NA	971	34	13	2	795	134	170	96	13	3	107
972	NA	NA	972	34	13	3	796	134	170	96	13	3	107
973	NA	NA	973	34	14	2	797	134	36	60	14	3	162
974	NA	NA	974	34	14	3	798	134	36	60	14	3	162
975	NA	NA	975	34	15	2	799	134	159	53	15	3	162
976	NA	NA	976	34	15	3	800	134	170	96	15	3	162
977	NA	NA	977	34	16	2	801	134	170	96	13	3	162
978	NA	NA	978	34	16	3	802	NA	NA	NA	22	NA	162
979	NA	NA	979	34	17	2	803	NA	NA	NA	22	NA	162
980	NA	NA	980	34	17	3	804	NA	NA	NA	22	NA	162
981	NA	NA	981	34	18	2	805	NA	NA	NA	22	NA	162
982	NA	NA	982	34	18	3	806	NA	NA	NA	22	NA	162
983	NA	NA	983	34	19	2	807	NA	NA	NA	22	NA	162
984	NA	NA	984	34	19	3	808	NA	NA	NA	22	NA	162
985	NA	NA	985	34	20	2	809	NA	NA	NA	22	NA	162
986	NA	NA	986	34	20	3	810	NA	NA	NA	22	NA	162
987	NA	NA	987	35	1	2	811	134	232	NA	13	3	162
988	NA	NA	988	35	2	2	812	210	36	60	11	3	142
989	NA	NA	989	35	3	2	813	13	36	60	11	3	142
990	NA	NA	990	35	4	2	814	105	12	100	13	3	145
991	NA	NA	991	35	5	2	815	124	238	100	13	3	147
992	NA	NA	992	35	6	2	816	3	218	100	12	2	162
993	NA	NA	993	35	7	2	817	134	171	97	14	3	162
994	NA	NA	994	35	8	2	818	134	98	77	14	3	151
995	NA	NA	995	35	9	2	819	49	36	60	13	3	48
996	NA	NA	996	35	10	2	820	3	249	83	22	3	168
997	NA	NA	997	35	11	2	821	NA	NA	NA	22	NA	162
998	NA	NA	998	35	12	2	822	NA	NA	NA	22	NA	162
999	NA	NA	999	35	12	3	823	NA	NA	NA	22	NA	162
1000	NA	NA	1000	35	13	2	824	157	181	104	13	3	47
1001	NA	NA	1001	35	13	3	825	NA	NA	NA	22	NA	162
1002	NA	NA	1002	35	14	2	826	157	181	104	13	3	47
1003	NA	NA	1003	35	14	3	827	157	181	104	13	3	47
1004	NA	NA	1004	35	15	2	828	157	181	104	13	3	47
1005	NA	NA	1005	35	15	3	829	157	181	104	13	3	47
1006	NA	NA	1006	35	16	2	830	157	181	104	13	3	47
1007	NA	NA	1007	35	16	3	831	157	181	104	13	3	47
1008	NA	NA	1008	35	17	2	832	157	181	104	13	3	47
1009	NA	NA	1009	35	17	3	833	157	181	104	13	3	47
1010	NA	NA	1010	35	18	2	834	157	181	104	13	3	47
1011	NA	NA	1011	35	18	3	835	157	181	104	13	3	47
1012	NA	NA	1012	35	19	2	836	53	67	32	18	3	32
1013	NA	NA	1013	35	19	3	837	53	185	39	17	3	162
1014	NA	NA	1014	35	20	2	838	NA	NA	NA	22	NA	162
1015	NA	NA	1015	35	20	3	839	NA	NA	NA	22	NA	162
1016	NA	NA	1016	36	1	2	840	NA	NA	NA	22	NA	2
1017	NA	NA	1017	36	2	2	841	NA	NA	NA	22	NA	162
1018	NA	NA	1018	36	3	2	842	NA	NA	NA	22	NA	162
1019	NA	NA	1019	36	4	2	843	NA	NA	NA	22	NA	162
1020	NA	NA	1020	36	5	2	844	161	184	11	14	3	135
1021	NA	NA	1021	36	6	2	845	161	184	11	14	3	135
1022	NA	NA	1022	36	7	2	846	NA	NA	NA	22	NA	162
1023	NA	NA	1023	36	8	2	847	NA	NA	NA	22	NA	162
1024	NA	NA	1024	36	9	2	848	3	131	63	11	2	162
1025	NA	NA	1025	36	10	2	849	NA	NA	NA	22	NA	162
1026	NA	NA	1026	36	11	2	850	NA	NA	NA	22	NA	162
1027	NA	NA	1027	36	12	2	851	NA	NA	NA	22	NA	162
1028	NA	NA	1028	36	12	3	852	151	11	NA	11	3	132
1029	NA	NA	1029	36	13	2	853	22	8	NA	12	3	132
1030	NA	NA	1030	36	13	3	854	NA	NA	NA	22	NA	162
1031	NA	NA	1031	36	14	2	855	NA	NA	NA	22	NA	162
1032	NA	NA	1032	36	14	3	856	NA	NA	NA	22	NA	162
1033	NA	NA	1033	36	15	2	857	NA	NA	NA	22	NA	162
1034	NA	NA	1034	36	15	3	858	NA	NA	NA	22	NA	162
1035	NA	NA	1035	36	16	2	859	NA	NA	NA	22	NA	162
1036	NA	NA	1036	36	16	3	860	NA	NA	NA	22	NA	162
1037	NA	NA	1037	36	17	2	861	NA	NA	NA	22	NA	162
1038	NA	NA	1038	36	17	3	862	NA	NA	NA	22	NA	162
1039	NA	NA	1039	36	18	2	863	NA	NA	NA	22	NA	162
1040	NA	NA	1040	36	18	3	864	NA	NA	NA	22	NA	162
1041	NA	NA	1041	36	19	2	865	NA	NA	NA	22	NA	162
1042	NA	NA	1042	36	19	3	866	NA	NA	NA	22	NA	162
1043	NA	NA	1043	36	20	2	867	NA	NA	NA	22	NA	162
1044	NA	NA	1044	36	20	3	868	NA	NA	NA	22	NA	162
1045	NA	NA	1045	37	1	2	869	NA	NA	NA	22	NA	162
1046	NA	NA	1046	37	2	2	870	NA	NA	NA	22	NA	162
1047	NA	NA	1047	37	3	2	871	NA	NA	NA	22	NA	162
1048	NA	NA	1048	37	4	2	872	NA	NA	NA	22	NA	162
1049	NA	NA	1049	37	5	2	873	3	211	63	8	2	162
1050	NA	NA	1050	37	6	2	874	NA	NA	NA	22	NA	162
1051	NA	NA	1051	37	7	2	875	NA	NA	NA	22	NA	162
1052	NA	NA	1052	37	8	2	876	185	148	133	6	2	162
1053	NA	NA	1053	37	9	2	877	NA	NA	NA	22	NA	162
1054	NA	NA	1054	37	10	2	878	17	144	88	22	2	123
1055	NA	NA	1055	37	11	2	879	NA	NA	NA	22	NA	162
1056	NA	NA	1056	37	12	2	880	61	50	NA	8	3	162
1057	NA	NA	1057	37	12	3	881	NA	NA	NA	22	NA	162
1058	NA	NA	1058	37	13	2	882	45	50	NA	11	3	217
1059	NA	NA	1059	37	13	3	883	NA	NA	NA	22	NA	162
1060	NA	NA	1060	37	14	2	884	45	50	NA	11	3	217
1061	NA	NA	1061	37	14	3	885	NA	NA	NA	22	NA	162
1062	NA	NA	1062	37	15	2	886	60	50	NA	8	3	162
1063	NA	NA	1063	37	15	3	887	131	50	NA	10	3	162
1064	NA	NA	1064	37	16	2	888	NA	NA	NA	22	NA	162
1065	NA	NA	1065	37	16	3	889	NA	NA	NA	22	NA	162
1066	NA	NA	1066	37	17	2	890	NA	NA	NA	22	NA	162
1067	NA	NA	1067	37	17	3	891	40	50	NA	13	3	132
1068	NA	NA	1068	37	18	2	892	NA	NA	NA	22	NA	162
1069	NA	NA	1069	37	18	3	893	NA	NA	NA	22	NA	162
1070	NA	NA	1070	37	19	2	894	NA	NA	NA	22	NA	162
1071	NA	NA	1071	37	19	3	895	NA	NA	NA	22	NA	162
1072	NA	NA	1072	37	20	2	896	NA	NA	NA	22	NA	162
1073	NA	NA	1073	37	20	3	897	NA	NA	NA	22	NA	162
1074	NA	NA	1074	38	1	2	898	NA	NA	NA	22	NA	162
1075	NA	NA	1075	38	2	2	899	NA	NA	NA	22	NA	162
1076	NA	NA	1076	38	3	2	900	NA	NA	NA	22	NA	162
1077	NA	NA	1077	38	4	2	901	NA	NA	NA	22	NA	162
1078	NA	NA	1078	38	5	2	902	NA	NA	NA	22	NA	162
1079	NA	NA	1079	38	6	2	903	NA	NA	NA	22	NA	162
1080	NA	NA	1080	38	7	2	904	NA	NA	NA	22	NA	162
1081	NA	NA	1081	38	8	2	905	NA	NA	NA	22	NA	162
1082	NA	NA	1082	38	9	2	906	NA	NA	NA	22	NA	162
1083	NA	NA	1083	38	10	2	907	NA	NA	NA	22	NA	162
1084	NA	NA	1084	38	11	2	908	NA	NA	NA	22	NA	162
1085	NA	NA	1085	38	12	2	909	39	152	90	9	3	112
1086	NA	NA	1086	38	12	3	910	NA	NA	NA	22	NA	162
1087	NA	NA	1087	38	13	2	911	107	224	NA	7	3	63
1088	NA	NA	1088	38	13	3	912	NA	NA	NA	22	NA	162
1089	NA	NA	1089	38	14	2	913	218	36	60	13	3	102
1090	NA	NA	1090	38	14	3	914	NA	NA	NA	22	NA	162
1091	NA	NA	1091	38	15	2	915	NA	NA	NA	22	NA	162
1092	NA	NA	1092	38	15	3	916	NA	NA	NA	22	NA	162
1093	NA	NA	1093	38	16	2	917	NA	NA	NA	22	NA	162
1094	NA	NA	1094	38	16	3	918	NA	NA	NA	22	NA	162
1095	NA	NA	1095	38	17	2	919	99	280	NA	13	3	138
1096	NA	NA	1096	38	17	3	920	NA	NA	NA	22	NA	162
1097	NA	NA	1097	38	18	2	921	135	73	121	13	3	144
1098	NA	NA	1098	38	18	3	922	NA	NA	NA	22	NA	162
1099	NA	NA	1099	38	19	2	923	NA	NA	NA	22	NA	162
1100	NA	NA	1100	38	19	3	924	NA	NA	NA	22	NA	162
1101	NA	NA	1101	38	20	2	925	36	146	NA	9	3	217
1102	NA	NA	1102	38	20	3	926	NA	NA	NA	22	NA	162
1103	NA	NA	1103	39	1	2	927	133	167	43	17	3	162
1104	NA	NA	1104	39	2	2	928	133	167	43	17	3	162
1105	NA	NA	1105	39	3	2	929	133	53	20	17	3	162
1106	NA	NA	1106	39	4	2	930	133	53	20	17	3	162
1107	NA	NA	1107	39	5	2	931	133	178	30	17	3	162
1108	NA	NA	1108	39	6	2	932	133	178	30	17	3	162
1109	NA	NA	1109	39	7	2	933	NA	NA	NA	22	NA	162
1110	NA	NA	1110	39	8	2	934	NA	NA	NA	22	NA	162
1111	NA	NA	1111	39	9	2	935	NA	NA	NA	22	NA	162
1112	NA	NA	1112	39	10	2	936	NA	NA	NA	22	NA	162
1113	NA	NA	1113	39	11	2	937	NA	NA	NA	22	NA	162
1114	NA	NA	1114	39	12	2	938	NA	NA	NA	22	NA	162
1115	NA	NA	1115	39	12	3	939	NA	NA	NA	22	NA	162
1116	NA	NA	1116	39	13	2	940	NA	NA	NA	22	NA	162
1117	NA	NA	1117	39	13	3	941	NA	NA	NA	22	NA	162
1118	NA	NA	1118	39	14	2	942	NA	NA	NA	22	NA	162
1119	NA	NA	1119	39	14	3	943	NA	NA	NA	22	NA	162
1120	NA	NA	1120	39	15	2	944	NA	NA	NA	22	NA	162
1121	NA	NA	1121	39	15	3	945	NA	NA	NA	22	NA	162
1122	NA	NA	1122	39	16	2	946	NA	NA	NA	22	NA	162
1123	NA	NA	1123	39	16	3	947	NA	NA	NA	22	NA	162
1124	NA	NA	1124	39	17	2	948	NA	NA	NA	22	NA	162
1125	NA	NA	1125	39	17	3	949	NA	NA	NA	22	NA	162
1126	NA	NA	1126	39	18	2	950	NA	NA	NA	22	NA	162
1127	NA	NA	1127	39	18	3	951	NA	NA	NA	22	NA	162
1128	NA	NA	1128	39	19	2	952	NA	NA	NA	22	NA	162
1129	NA	NA	1129	39	19	3	953	NA	NA	NA	22	NA	162
1130	NA	NA	1130	39	20	2	954	NA	NA	NA	22	NA	162
1131	NA	NA	1131	39	20	3	955	NA	NA	NA	22	NA	162
1132	NA	NA	1132	40	1	2	985	133	53	27	15	3	162
1133	NA	NA	1133	40	2	2	986	133	53	27	15	3	162
1134	NA	NA	1134	40	3	2	987	133	178	26	15	3	150
1135	NA	NA	1135	40	4	2	988	133	167	37	15	3	169
1136	NA	NA	1136	40	5	2	989	133	212	29	17	3	186
1137	NA	NA	1137	40	6	2	990	133	212	29	17	3	186
1138	NA	NA	1138	40	7	2	991	133	92	2	17	3	167
1139	NA	NA	1139	40	8	2	992	133	92	2	17	3	167
1140	NA	NA	1140	40	9	2	993	133	228	8	17	3	165
1141	NA	NA	1141	40	10	2	994	133	228	8	17	3	165
1142	NA	NA	1142	40	11	2	995	NA	NA	NA	22	NA	162
1143	NA	NA	1143	40	12	2	996	175	186	NA	12	3	103
1144	NA	NA	1144	40	12	3	997	NA	NA	NA	22	NA	162
1145	NA	NA	1145	40	13	2	998	144	253	100	15	3	143
1146	NA	NA	1146	40	13	3	999	NA	NA	NA	22	NA	162
1147	NA	NA	1147	40	14	2	1000	117	278	133	15	3	124
1148	NA	NA	1148	40	14	3	1001	NA	NA	NA	22	NA	162
1149	NA	NA	1149	40	15	2	1002	NA	NA	NA	22	NA	162
1150	NA	NA	1150	40	15	3	1003	NA	NA	NA	22	NA	162
1151	NA	NA	1151	40	16	2	1004	NA	NA	NA	22	NA	162
1152	NA	NA	1152	40	16	3	1005	NA	NA	NA	22	NA	162
1153	NA	NA	1153	40	17	2	1006	206	80	74	12	3	104
1154	NA	NA	1154	40	17	3	1007	NA	NA	NA	22	NA	162
1155	NA	NA	1155	40	18	2	1008	NA	NA	NA	22	NA	162
1156	NA	NA	1156	40	18	3	1009	NA	NA	NA	22	NA	162
1157	NA	NA	1157	40	19	2	1010	NA	NA	NA	22	NA	162
1158	NA	NA	1158	40	19	3	NA	NA	NA	NA	22	NA	162
1159	NA	NA	1159	40	20	2	1011	NA	NA	NA	22	NA	162
1160	NA	NA	1160	40	20	3	1012	NA	NA	NA	22	NA	162
1161	NA	NA	1161	41	1	2	1013	4	37	64	13	3	205
1162	NA	NA	1162	41	2	2	1014	4	239	123	12	3	206
1163	NA	NA	1163	41	3	2	1015	92	251	123	14	3	91
1164	NA	NA	1164	41	4	2	1016	139	252	31	14	3	92
1165	NA	NA	1165	41	5	2	1017	NA	NA	NA	22	NA	162
1166	NA	NA	1166	41	6	2	1018	20	99	100	13	3	71
1167	NA	NA	1167	41	7	2	1019	NA	NA	NA	22	NA	162
1168	NA	NA	1168	41	8	2	1020	NA	NA	NA	22	NA	162
1169	NA	NA	1169	41	9	2	1021	NA	NA	NA	22	NA	162
1170	NA	NA	1170	41	10	2	1022	NA	NA	NA	22	NA	162
1171	NA	NA	1171	41	11	2	1023	NA	NA	NA	22	NA	162
1172	NA	NA	1172	41	12	2	1024	NA	NA	NA	22	NA	162
1173	NA	NA	1173	41	12	3	1025	NA	NA	NA	22	NA	162
1174	NA	NA	1174	41	13	2	1026	197	182	NA	23	7	193
1175	NA	NA	1175	41	13	3	1027	NA	NA	NA	22	NA	162
1176	NA	NA	1176	41	14	2	1028	NA	NA	NA	22	NA	162
1177	NA	NA	1177	41	14	3	1029	NA	NA	NA	22	NA	162
1178	NA	NA	1178	41	15	2	1030	166	137	68	13	11	197
1179	NA	NA	1179	41	15	3	1031	88	270	109	14	11	199
1180	NA	NA	1180	41	16	2	1032	NA	NA	NA	22	NA	162
1181	NA	NA	1181	41	16	3	1033	NA	NA	NA	22	NA	162
1182	NA	NA	1182	41	17	2	1034	NA	NA	NA	22	NA	162
1183	NA	NA	1183	41	17	3	1035	115	24	107	12	3	200
1184	NA	NA	1184	41	18	2	1036	31	22	87	12	3	193
1185	NA	NA	1185	41	18	3	1037	32	22	85	12	3	193
1186	NA	NA	1186	41	19	2	1038	NA	NA	NA	22	NA	162
1187	NA	NA	1187	41	19	3	1039	NA	NA	NA	22	NA	162
1188	NA	NA	1188	41	20	2	1040	116	259	128	23	2	191
1189	NA	NA	1189	41	20	3	1041	NA	NA	NA	22	NA	162
1190	NA	NA	1190	42	1	2	1042	NA	NA	NA	22	NA	162
1191	NA	NA	1191	42	2	2	1043	NA	NA	NA	22	NA	162
1192	NA	NA	1192	42	3	2	1044	159	142	100	15	3	162
1193	NA	NA	1193	42	4	2	1045	159	142	100	15	3	162
1194	NA	NA	1194	42	5	2	1046	95	60	89	12	3	203
1195	NA	NA	1195	42	6	2	1047	112	177	100	14	3	204
1196	NA	NA	1196	42	7	2	1048	200	177	100	14	3	204
1197	NA	NA	1197	42	8	2	1049	93	177	100	13	3	204
1198	NA	NA	1198	42	9	2	1050	NA	NA	NA	22	NA	162
1199	NA	NA	1199	42	10	2	1051	11	239	NA	12	3	106
1200	NA	NA	1200	42	11	2	1052	NA	NA	NA	22	NA	162
1201	NA	NA	1201	42	12	2	1053	33	65	51	12	3	193
1202	NA	NA	1202	42	12	3	1054	NA	NA	NA	22	NA	162
1203	NA	NA	1203	42	13	2	1055	NA	NA	NA	22	NA	162
1204	NA	NA	1204	42	13	3	1056	NA	NA	NA	22	NA	162
1205	NA	NA	1205	42	14	2	1057	NA	NA	NA	22	NA	162
1206	NA	NA	1206	42	14	3	1058	NA	NA	NA	22	NA	162
1207	NA	NA	1207	42	15	2	1059	NA	NA	NA	22	NA	162
1208	NA	NA	1208	42	15	3	1060	NA	NA	NA	22	NA	162
1209	NA	NA	1209	42	16	2	1061	NA	NA	NA	22	NA	162
1210	NA	NA	1210	42	16	3	1062	NA	NA	NA	22	NA	162
1211	NA	NA	1211	42	17	2	1063	NA	NA	NA	22	NA	162
1212	NA	NA	1212	42	17	3	1064	NA	NA	NA	22	NA	162
1213	NA	NA	1213	42	18	2	1065	NA	NA	NA	22	NA	162
1214	NA	NA	1214	42	18	3	1066	NA	NA	NA	22	NA	162
1215	NA	NA	1215	42	19	2	1067	NA	NA	NA	22	NA	162
1216	NA	NA	1216	42	19	3	1068	NA	NA	NA	22	NA	162
1217	NA	NA	1217	42	20	2	1069	NA	NA	NA	22	NA	162
1218	NA	NA	1218	42	20	3	1070	NA	NA	NA	22	NA	162
1219	NA	NA	1219	43	1	2	1071	NA	NA	NA	22	NA	162
1220	NA	NA	1220	43	2	2	1072	NA	NA	NA	22	NA	162
1221	NA	NA	1221	43	3	2	1073	NA	NA	NA	22	NA	162
1222	NA	NA	1222	43	4	2	1074	NA	NA	NA	22	NA	162
1223	NA	NA	1223	43	5	2	1075	56	77	100	12	3	162
1224	NA	NA	1224	43	6	2	1076	11	227	110	14	11	160
1225	NA	NA	1225	43	7	2	1077	8	21	NA	13	3	105
1226	NA	NA	1226	43	8	2	1078	NA	NA	NA	22	NA	162
1227	NA	NA	1227	43	9	2	1079	8	21	NA	10	3	105
1228	NA	NA	1228	43	10	2	1080	NA	NA	NA	22	NA	162
1229	NA	NA	1229	43	11	2	1081	NA	NA	NA	22	NA	162
1230	NA	NA	1230	43	12	2	1082	NA	NA	NA	22	NA	162
1231	NA	NA	1231	43	12	3	1083	NA	NA	NA	22	NA	162
1232	NA	NA	1232	43	13	2	1084	NA	NA	NA	22	NA	162
1233	NA	NA	1233	43	13	3	1085	NA	NA	NA	22	NA	162
1234	NA	NA	1234	43	14	2	1086	NA	NA	NA	22	NA	162
1235	NA	NA	1235	43	14	3	1087	23	3	86	12	3	87
1236	NA	NA	1236	43	15	2	1088	34	214	24	12	3	88
1237	NA	NA	1237	43	15	3	1089	130	214	47	12	3	86
1238	NA	NA	1238	43	16	2	1090	176	161	5	12	3	84
1239	NA	NA	1239	43	16	3	1091	68	39	92	11	3	85
1240	NA	NA	1240	43	17	2	1092	NA	NA	NA	22	NA	162
1241	NA	NA	1241	43	17	3	1093	NA	NA	NA	22	NA	162
1242	NA	NA	1242	43	18	2	1094	NA	NA	NA	22	NA	162
1243	NA	NA	1243	43	18	3	1095	NA	NA	NA	22	NA	162
1244	NA	NA	1244	43	19	2	1096	NA	NA	NA	22	NA	162
1245	NA	NA	1245	43	19	3	1097	NA	NA	NA	22	NA	162
1246	NA	NA	1246	43	20	2	1098	NA	NA	NA	22	NA	162
1247	NA	NA	1247	43	20	3	1099	NA	NA	NA	22	NA	162
1248	NA	NA	1248	44	1	2	1100	159	117	100	14	3	162
1249	NA	NA	1249	44	2	2	1101	7	13	100	15	3	162
1250	NA	NA	1250	44	3	2	1102	NA	NA	NA	22	NA	162
1251	NA	NA	1251	44	4	2	1103	159	273	100	14	3	162
1252	NA	NA	1252	44	5	2	1104	159	79	100	15	3	162
1253	NA	NA	1253	44	6	2	1105	159	6	100	15	3	162
1254	NA	NA	1254	44	7	2	1106	159	78	100	14	3	162
1255	NA	NA	1255	44	8	2	1107	159	79	100	15	3	162
1256	NA	NA	1256	44	9	2	1108	159	85	100	14	3	162
1257	NA	NA	1257	44	10	2	1109	46	153	100	15	3	162
1258	NA	NA	1258	44	11	2	1110	NA	NA	NA	22	NA	162
1259	NA	NA	1259	44	12	2	1111	159	7	100	14	3	162
1260	NA	NA	1260	44	12	3	1112	NA	NA	NA	22	NA	162
1261	NA	NA	1261	44	13	2	1113	150	200	125	14	3	114
1262	NA	NA	1262	44	13	3	1114	150	200	125	14	3	114
1263	NA	NA	1263	44	14	2	1115	48	199	125	13	3	114
1264	NA	NA	1264	44	14	3	1116	NA	NA	NA	22	NA	162
1265	NA	NA	1265	44	15	2	1117	213	196	125	15	3	116
1266	NA	NA	1266	44	15	3	1118	213	196	125	15	3	116
1267	NA	NA	1267	44	16	2	1119	179	198	125	12	3	117
1268	NA	NA	1268	44	16	3	1120	179	198	125	12	3	117
1269	NA	NA	1269	44	17	2	1121	220	199	125	11	3	115
1270	NA	NA	1270	44	17	3	1122	NA	NA	NA	22	NA	162
1271	NA	NA	1271	44	18	2	1123	220	199	125	11	3	115
1272	NA	NA	1272	44	18	3	1124	NA	NA	NA	22	NA	162
1273	NA	NA	1273	44	19	2	1125	NA	NA	NA	22	NA	162
1274	NA	NA	1274	44	19	3	1126	182	199	125	13	3	50
1275	NA	NA	1275	44	20	2	1127	25	197	125	15	3	66
1276	NA	NA	1276	44	20	3	1128	NA	NA	NA	22	NA	162
1277	NA	NA	1277	45	1	2	1129	NA	NA	NA	22	NA	162
1278	NA	NA	1278	45	2	2	1130	NA	NA	NA	22	NA	162
1279	NA	NA	1279	45	3	2	1131	NA	NA	NA	22	NA	162
1280	NA	NA	1280	45	4	2	1132	NA	NA	NA	22	NA	162
1281	NA	NA	1281	45	5	2	1133	159	133	100	15	3	162
1282	NA	NA	1282	45	6	2	1134	5	177	100	15	3	25
1283	NA	NA	1283	45	7	2	1135	NA	NA	NA	22	NA	162
1284	NA	NA	1284	45	8	2	1136	57	77	100	12	3	51
1285	NA	NA	1285	45	9	2	1137	7	NA	100	13	3	188
1286	NA	NA	1286	45	10	2	1138	7	NA	100	12	3	188
1287	NA	NA	1287	45	11	2	1139	NA	NA	NA	22	NA	162
1288	NA	NA	1288	45	12	2	1140	NA	NA	NA	22	NA	162
1289	NA	NA	1289	45	12	3	1141	NA	NA	NA	22	NA	162
1290	NA	NA	1290	45	13	2	1142	NA	NA	NA	22	NA	162
1291	NA	NA	1291	45	13	3	1143	NA	NA	NA	22	NA	162
1292	NA	NA	1292	45	14	2	1144	NA	NA	NA	22	NA	162
1293	NA	NA	1293	45	14	3	1145	NA	NA	NA	22	NA	162
1294	NA	NA	1294	45	15	2	1146	NA	NA	NA	22	NA	162
1295	NA	NA	1295	45	15	3	1147	NA	NA	NA	22	NA	162
1296	NA	NA	1296	45	16	2	1148	NA	NA	NA	22	NA	162
1297	NA	NA	1297	45	16	3	1149	NA	NA	NA	22	NA	162
1298	NA	NA	1298	45	17	2	1150	NA	NA	NA	22	NA	162
1299	NA	NA	1299	45	17	3	1151	NA	NA	NA	22	NA	162
1300	NA	NA	1300	45	18	2	1152	NA	NA	NA	22	NA	162
1301	NA	NA	1301	45	18	3	1153	NA	NA	NA	22	NA	162
1302	NA	NA	1302	45	19	2	1154	NA	NA	NA	22	NA	162
1303	NA	NA	1303	45	19	3	1155	NA	NA	NA	22	NA	162
1304	NA	NA	1304	45	20	2	1156	NA	NA	NA	22	NA	162
1305	NA	NA	1305	45	20	3	1157	NA	NA	NA	22	NA	162
1306	NA	NA	1306	46	1	2	1158	NA	NA	NA	12	3	133
1307	NA	NA	1307	46	2	2	1159	NA	NA	NA	11	3	133
1308	NA	NA	1308	46	3	2	1160	223	76	100	13	3	161
1309	NA	NA	1309	46	4	2	1161	223	76	100	13	3	161
1310	NA	NA	1310	46	5	2	1162	NA	NA	NA	22	NA	162
1311	NA	NA	1311	46	6	2	1163	193	229	100	13	3	29
1312	NA	NA	1312	46	7	2	1164	65	204	100	12	3	162
1313	NA	NA	1313	46	8	2	1165	NA	NA	NA	22	NA	162
1314	NA	NA	1314	46	9	2	1166	NA	NA	NA	22	NA	162
1315	NA	NA	1315	46	10	2	1167	NA	NA	NA	22	NA	162
1316	NA	NA	1316	46	11	2	1168	NA	NA	NA	22	NA	162
1317	NA	NA	1317	46	12	2	1169	NA	NA	NA	22	NA	162
1318	NA	NA	1318	46	12	3	1170	NA	NA	NA	22	NA	162
1319	NA	NA	1319	46	13	2	1171	NA	NA	NA	22	NA	162
1320	NA	NA	1320	46	13	3	1172	NA	NA	NA	22	NA	162
1321	NA	NA	1321	46	14	2	1173	NA	NA	NA	22	NA	162
1322	NA	NA	1322	46	14	3	1174	NA	NA	NA	22	NA	162
1323	NA	NA	1323	46	15	2	1175	NA	NA	NA	22	NA	162
1324	NA	NA	1324	46	15	3	1176	NA	NA	NA	22	NA	162
1325	NA	NA	1325	46	16	2	1177	NA	NA	NA	22	NA	162
1326	NA	NA	1326	46	16	3	1178	NA	NA	NA	22	NA	162
1327	NA	NA	1327	46	17	2	1179	NA	NA	NA	22	NA	162
1328	NA	NA	1328	46	17	3	1180	NA	NA	NA	22	NA	162
1329	NA	NA	1329	46	18	2	1181	NA	NA	NA	22	NA	162
1330	NA	NA	1330	46	18	3	1182	NA	NA	NA	22	NA	162
1331	NA	NA	1331	46	19	2	1183	NA	NA	NA	22	NA	162
1332	NA	NA	1332	46	19	3	1184	NA	NA	NA	22	NA	162
1333	NA	NA	1333	46	20	2	1185	NA	NA	NA	22	NA	162
1334	NA	NA	1334	46	20	3	1186	NA	NA	NA	22	NA	162
1335	NA	NA	1335	47	1	2	1187	NA	NA	NA	22	NA	162
1336	NA	NA	1336	47	2	2	1188	NA	NA	NA	22	NA	162
1337	NA	NA	1337	47	3	2	1189	NA	NA	NA	22	NA	162
1338	NA	NA	1338	47	4	2	1190	NA	NA	NA	22	NA	162
1339	NA	NA	1339	47	5	2	1191	NA	NA	NA	22	NA	162
1340	NA	NA	1340	47	6	2	1192	NA	NA	NA	22	NA	162
1341	NA	NA	1341	47	7	2	1193	NA	NA	NA	22	NA	162
1342	NA	NA	1342	47	8	2	1194	NA	NA	NA	22	NA	162
1343	NA	NA	1343	47	9	2	1195	58	89	100	11	3	164
1344	NA	NA	1344	47	10	2	1196	NA	NA	NA	22	NA	162
1345	NA	NA	1345	47	11	2	1197	NA	NA	NA	22	NA	162
1346	NA	NA	1346	47	12	2	1198	NA	NA	NA	22	NA	162
1347	NA	NA	1347	47	12	3	1199	NA	NA	NA	22	NA	162
1348	NA	NA	1348	47	13	2	1200	125	134	NA	7	3	162
1349	NA	NA	1349	47	13	3	1201	NA	NA	NA	22	NA	162
1350	NA	NA	1350	47	14	2	1202	111	52	NA	22	3	162
1351	NA	NA	1351	47	14	3	1203	111	52	NA	22	3	162
1352	NA	NA	1352	47	15	2	1204	201	52	NA	22	3	162
1353	NA	NA	1353	47	15	3	1205	79	52	NA	22	3	162
1354	NA	NA	1354	47	16	2	1206	NA	NA	NA	22	NA	162
1355	NA	NA	1355	47	16	3	1207	NA	NA	NA	22	NA	162
1356	NA	NA	1356	47	17	2	1208	NA	NA	NA	22	NA	162
1357	NA	NA	1357	47	17	3	1209	NA	NA	NA	22	NA	162
1358	NA	NA	1358	47	18	2	1210	NA	NA	NA	22	NA	162
1359	NA	NA	1359	47	18	3	1211	NA	NA	NA	22	NA	162
1360	NA	NA	1360	47	19	2	1212	NA	NA	NA	22	NA	162
1361	NA	NA	1361	47	19	3	1213	NA	NA	NA	22	NA	162
1362	NA	NA	1362	47	20	2	1214	NA	NA	NA	22	NA	162
1363	NA	NA	1363	47	20	3	1215	NA	NA	NA	22	NA	162
1364	NA	NA	1364	48	1	2	1216	NA	NA	NA	22	NA	162
1365	NA	NA	1365	48	2	2	1217	NA	NA	NA	22	NA	162
1366	NA	NA	1366	48	3	2	1218	NA	NA	NA	22	NA	162
1367	NA	NA	1367	48	4	2	1219	NA	NA	NA	22	NA	162
1368	NA	NA	1368	48	5	2	1220	NA	NA	NA	22	NA	162
1369	NA	NA	1369	48	6	2	1221	NA	NA	NA	22	NA	162
1370	NA	NA	1370	48	7	2	1222	NA	NA	NA	22	NA	162
1371	NA	NA	1371	48	8	2	1223	NA	NA	NA	22	NA	162
1372	NA	NA	1372	48	9	2	1224	NA	NA	NA	22	NA	162
1373	NA	NA	1373	48	10	2	1225	NA	NA	NA	22	NA	162
1374	NA	NA	1374	48	11	2	1226	NA	NA	NA	22	NA	162
1375	NA	NA	1375	48	12	2	1227	NA	NA	NA	22	NA	162
1376	NA	NA	1376	48	12	3	1228	NA	NA	NA	22	NA	162
1377	NA	NA	1377	48	13	2	1229	NA	NA	NA	22	NA	162
1378	NA	NA	1378	48	13	3	1230	NA	NA	NA	22	NA	162
1379	NA	NA	1379	48	14	2	1231	NA	NA	NA	22	NA	162
1380	NA	NA	1380	48	14	3	1232	NA	NA	NA	22	NA	162
1381	NA	NA	1381	48	15	2	1233	NA	NA	NA	22	NA	162
1382	NA	NA	1382	48	15	3	1234	NA	NA	NA	22	NA	162
1383	NA	NA	1383	48	16	2	1235	NA	NA	NA	22	NA	162
1384	NA	NA	1384	48	16	3	1236	NA	NA	NA	22	NA	162
1385	NA	NA	1385	48	17	2	1237	NA	NA	NA	22	NA	162
1386	NA	NA	1386	48	17	3	1238	NA	NA	NA	22	NA	162
1387	NA	NA	1387	48	18	2	1239	NA	NA	NA	22	NA	162
1388	NA	NA	1388	48	18	3	1240	NA	NA	NA	22	NA	162
1389	NA	NA	1389	48	19	2	1241	NA	NA	NA	22	NA	162
1390	NA	NA	1390	48	19	3	1242	NA	NA	NA	22	NA	162
1391	NA	NA	1391	48	20	2	1243	NA	NA	NA	22	NA	162
1392	NA	NA	1392	48	20	3	1244	NA	NA	NA	22	NA	162
1393	NA	NA	1393	49	1	2	1245	NA	NA	NA	22	NA	162
1394	NA	NA	1394	49	2	2	1246	NA	NA	NA	22	NA	162
1395	NA	NA	1395	49	3	2	1247	NA	NA	NA	22	NA	162
1396	NA	NA	1396	49	4	2	1248	NA	NA	NA	22	NA	162
1397	NA	NA	1397	49	5	2	1249	NA	NA	NA	22	NA	162
1398	NA	NA	1398	49	6	2	1250	NA	NA	NA	22	NA	162
1399	NA	NA	1399	49	7	2	1251	NA	NA	NA	22	NA	162
1400	NA	NA	1400	49	8	2	1252	NA	NA	NA	22	NA	162
1401	NA	NA	1401	49	9	2	1253	NA	NA	NA	22	NA	162
1402	NA	NA	1402	49	10	2	1254	NA	NA	NA	22	NA	162
1403	NA	NA	1403	49	11	2	1255	NA	NA	NA	22	NA	162
1404	NA	NA	1404	49	12	2	1256	NA	NA	NA	22	NA	162
1405	NA	NA	1405	49	12	3	1257	NA	NA	NA	22	NA	162
1406	NA	NA	1406	49	13	2	1258	NA	NA	NA	22	NA	162
1407	NA	NA	1407	49	13	3	1259	NA	NA	NA	22	NA	162
1408	NA	NA	1408	49	14	2	1260	NA	NA	NA	22	NA	162
1409	NA	NA	1409	49	14	3	1261	NA	NA	NA	22	NA	162
1410	NA	NA	1410	49	15	2	1262	NA	NA	NA	22	NA	162
1411	NA	NA	1411	49	15	3	1263	NA	NA	NA	22	NA	162
1412	NA	NA	1412	49	16	2	1264	NA	NA	NA	22	NA	162
1413	NA	NA	1413	49	16	3	1265	NA	NA	NA	22	NA	162
1414	NA	NA	1414	49	17	2	1266	NA	NA	NA	22	NA	162
1415	NA	NA	1415	49	17	3	1267	NA	NA	NA	22	NA	162
1416	NA	NA	1416	49	18	2	1268	NA	NA	NA	22	NA	162
1417	NA	NA	1417	49	18	3	1269	NA	NA	NA	22	NA	162
1418	NA	NA	1418	49	19	2	1270	NA	NA	NA	22	NA	162
1419	NA	NA	1419	49	19	3	1271	NA	NA	NA	22	NA	162
1420	NA	NA	1420	49	20	2	1272	NA	NA	NA	22	NA	162
1421	NA	NA	1421	49	20	3	1273	NA	NA	NA	22	NA	162
1422	NA	NA	1422	50	1	2	1303	NA	NA	NA	22	NA	162
1423	NA	NA	1423	50	2	2	1304	NA	NA	NA	22	NA	162
1424	NA	NA	1424	50	3	2	1305	NA	NA	NA	22	NA	162
1425	NA	NA	1425	50	4	2	1306	NA	NA	NA	22	NA	162
1426	NA	NA	1426	50	5	2	1307	NA	NA	NA	22	NA	162
1427	NA	NA	1427	50	6	2	1308	NA	NA	NA	22	NA	162
1428	NA	NA	1428	50	7	2	1309	NA	NA	NA	22	NA	162
1429	NA	NA	1429	50	8	2	1310	NA	NA	NA	22	NA	162
1430	NA	NA	1430	50	9	2	1311	NA	NA	NA	22	NA	162
1431	NA	NA	1431	50	10	2	1312	NA	NA	NA	22	NA	162
1432	NA	NA	1432	50	11	2	1313	NA	NA	NA	22	NA	162
1433	NA	NA	1433	50	12	2	1314	NA	NA	NA	22	NA	162
1434	NA	NA	1434	50	12	3	1315	NA	NA	NA	22	NA	162
1435	NA	NA	1435	50	13	2	1316	NA	NA	NA	22	NA	162
1436	NA	NA	1436	50	13	3	1317	NA	NA	NA	22	NA	162
1437	NA	NA	1437	50	14	2	1318	NA	NA	NA	22	NA	162
1438	NA	NA	1438	50	14	3	1319	NA	NA	NA	22	NA	162
1439	NA	NA	1439	50	15	2	1320	NA	NA	NA	22	NA	162
1440	NA	NA	1440	50	15	3	1321	NA	NA	NA	22	NA	162
1441	NA	NA	1441	50	16	2	1322	NA	NA	NA	22	NA	162
1442	NA	NA	1442	50	16	3	1323	NA	NA	NA	22	NA	162
1443	NA	NA	1443	50	17	2	1324	NA	NA	NA	22	NA	162
1444	NA	NA	1444	50	17	3	1325	NA	NA	NA	22	NA	162
1445	NA	NA	1445	50	18	2	1326	NA	NA	NA	22	NA	162
1446	NA	NA	1446	50	18	3	1327	NA	NA	NA	22	NA	162
1447	NA	NA	1447	50	19	2	1328	NA	NA	NA	22	NA	162
1448	NA	NA	1448	50	19	3	1329	NA	NA	NA	22	NA	162
1449	NA	NA	1449	50	20	2	1330	NA	NA	NA	22	NA	162
1450	NA	NA	1450	50	20	3	1331	NA	NA	NA	22	NA	162
1451	NA	NA	1451	51	1	2	1332	NA	NA	NA	22	NA	162
1452	NA	NA	1452	51	2	2	1333	NA	NA	NA	22	NA	162
1453	NA	NA	1453	51	3	2	1334	NA	NA	NA	22	NA	162
1454	NA	NA	1454	51	4	2	1335	NA	NA	NA	22	NA	162
1455	NA	NA	1455	51	5	2	1336	NA	NA	NA	22	NA	162
1456	NA	NA	1456	51	6	2	1337	NA	NA	NA	22	NA	162
1457	NA	NA	1457	51	7	2	1338	NA	NA	NA	22	NA	162
1458	NA	NA	1458	51	8	2	1339	NA	NA	NA	22	NA	162
1459	NA	NA	1459	51	9	2	1340	NA	NA	NA	22	NA	162
1460	NA	NA	1460	51	10	2	1341	NA	NA	NA	22	NA	162
1461	NA	NA	1461	51	11	2	1342	NA	NA	NA	22	NA	162
1462	NA	NA	1462	51	12	2	1343	NA	NA	NA	22	NA	162
1463	NA	NA	1463	51	12	3	1344	NA	NA	NA	22	NA	162
1464	NA	NA	1464	51	13	2	1345	NA	NA	NA	22	NA	162
1465	NA	NA	1465	51	13	3	1346	NA	NA	NA	22	NA	162
1466	NA	NA	1466	51	14	2	1347	NA	NA	NA	22	NA	162
1467	NA	NA	1467	51	14	3	1348	NA	NA	NA	22	NA	162
1468	NA	NA	1468	51	15	2	1349	NA	NA	NA	22	NA	162
1469	NA	NA	1469	51	15	3	1350	NA	NA	NA	22	NA	162
1470	NA	NA	1470	51	16	2	1351	NA	NA	NA	22	NA	162
1471	NA	NA	1471	51	16	3	1352	NA	NA	NA	22	NA	162
1472	NA	NA	1472	51	17	2	1353	NA	NA	NA	22	NA	162
1473	NA	NA	1473	51	17	3	1354	NA	NA	NA	22	NA	162
1474	NA	NA	1474	51	18	2	1355	NA	NA	NA	22	NA	162
1475	NA	NA	1475	51	18	3	1356	NA	NA	NA	22	NA	162
1476	NA	NA	1476	51	19	2	1357	NA	NA	NA	22	NA	162
1477	NA	NA	1477	51	19	3	1358	NA	NA	NA	22	NA	162
1478	NA	NA	1478	51	20	2	1359	NA	NA	NA	22	NA	162
1479	NA	NA	1479	51	20	3	1360	NA	NA	NA	22	NA	162
1480	NA	NA	1480	52	1	2	1361	NA	NA	NA	22	NA	162
1481	NA	NA	1481	52	2	2	1362	NA	NA	NA	22	NA	162
1482	NA	NA	1482	52	3	2	1363	NA	NA	NA	22	NA	162
1483	NA	NA	1483	52	4	2	1364	NA	NA	NA	22	NA	162
1484	NA	NA	1484	52	5	2	1365	NA	NA	NA	22	NA	162
1485	NA	NA	1485	52	6	2	1366	NA	NA	NA	22	NA	162
1486	NA	NA	1486	52	7	2	1367	NA	NA	NA	22	NA	162
1487	NA	NA	1487	52	8	2	1368	NA	NA	NA	22	NA	162
1488	NA	NA	1488	52	9	2	1369	NA	NA	NA	22	NA	162
1489	NA	NA	1489	52	10	2	1370	NA	NA	NA	22	NA	162
1490	NA	NA	1490	52	11	2	1371	NA	NA	NA	22	NA	162
1491	NA	NA	1491	52	12	2	1372	NA	NA	NA	22	NA	162
1492	NA	NA	1492	52	12	3	1373	NA	NA	NA	22	NA	162
1493	NA	NA	1493	52	13	2	1374	NA	NA	NA	22	NA	162
1494	NA	NA	1494	52	13	3	1375	NA	NA	NA	22	NA	162
1495	NA	NA	1495	52	14	2	1376	NA	NA	NA	22	NA	162
1496	NA	NA	1496	52	14	3	1377	NA	NA	NA	22	NA	162
1497	NA	NA	1497	52	15	2	1378	NA	NA	NA	22	NA	162
1498	NA	NA	1498	52	15	3	1379	NA	NA	NA	22	NA	162
1499	NA	NA	1499	52	16	2	1380	NA	NA	NA	22	NA	162
1500	NA	NA	1500	52	16	3	1381	NA	NA	NA	22	NA	162
1501	NA	NA	1501	52	17	2	1382	NA	NA	NA	22	NA	162
1502	NA	NA	1502	52	17	3	1383	NA	NA	NA	22	NA	162
1503	NA	NA	1503	52	18	2	1384	NA	NA	NA	22	NA	162
1504	NA	NA	1504	52	18	3	1385	NA	NA	NA	22	NA	162
1505	NA	NA	1505	52	19	2	1386	NA	NA	NA	22	NA	162
1506	NA	NA	1506	52	19	3	1387	NA	NA	NA	22	NA	162
1507	NA	NA	1507	52	20	2	1388	NA	NA	NA	22	NA	162
1508	NA	NA	1508	52	20	3	1389	NA	NA	NA	22	NA	162
1509	NA	NA	1509	53	1	2	1390	NA	NA	NA	22	NA	162
1510	NA	NA	1510	53	2	2	1391	28	28	NA	23	7	156
1511	NA	NA	1511	53	3	2	1392	NA	NA	NA	22	NA	162
1512	NA	NA	1512	53	4	2	1393	NA	NA	NA	22	NA	162
1513	NA	NA	1513	53	5	2	1394	NA	NA	NA	22	NA	162
1514	NA	NA	1514	53	6	2	1395	NA	NA	NA	22	NA	162
1515	NA	NA	1515	53	7	2	1396	NA	NA	NA	22	NA	162
1516	NA	NA	1516	53	8	2	1397	NA	NA	NA	22	NA	162
1517	NA	NA	1517	53	9	2	1398	NA	NA	NA	22	NA	162
1518	NA	NA	1518	53	10	2	1399	NA	NA	NA	22	NA	162
1519	NA	NA	1519	53	11	2	1400	NA	NA	NA	22	NA	162
1520	NA	NA	1520	53	12	2	1401	NA	NA	NA	22	NA	162
1521	NA	NA	1521	53	12	3	1402	NA	NA	NA	22	NA	162
1522	NA	NA	1522	53	13	2	1403	NA	NA	NA	22	NA	162
1523	NA	NA	1523	53	13	3	1404	NA	NA	NA	22	NA	162
1524	NA	NA	1524	53	14	2	1405	NA	NA	NA	22	NA	162
1525	NA	NA	1525	53	14	3	1406	NA	NA	NA	22	NA	162
1526	NA	NA	1526	53	15	2	1407	NA	NA	NA	22	NA	162
1527	NA	NA	1527	53	15	3	1408	NA	NA	NA	22	NA	162
1528	NA	NA	1528	53	16	2	1409	NA	NA	NA	22	NA	162
1529	NA	NA	1529	53	16	3	1410	NA	NA	NA	22	NA	162
1530	NA	NA	1530	53	17	2	1411	NA	NA	NA	22	NA	162
1531	NA	NA	1531	53	17	3	1412	NA	NA	NA	22	NA	162
1532	NA	NA	1532	53	18	2	1413	NA	NA	NA	22	NA	162
1533	NA	NA	1533	53	18	3	1414	NA	NA	NA	22	NA	162
1534	NA	NA	1534	53	19	2	1415	NA	NA	NA	22	NA	162
1535	NA	NA	1535	53	19	3	1416	NA	NA	NA	22	NA	162
1536	NA	NA	1536	53	20	2	1417	NA	NA	NA	22	NA	162
1537	NA	NA	1537	53	20	3	1418	NA	NA	NA	22	NA	162
1538	NA	NA	1538	54	1	2	1419	NA	NA	NA	22	NA	162
1539	NA	NA	1539	54	2	2	1420	28	17	NA	23	7	156
1540	NA	NA	1540	54	3	2	1421	NA	NA	NA	22	NA	162
1541	NA	NA	1541	54	4	2	1422	NA	NA	NA	22	NA	162
1542	NA	NA	1542	54	5	2	1423	NA	NA	NA	22	NA	162
1543	NA	NA	1543	54	6	2	1424	NA	NA	NA	22	NA	162
1544	NA	NA	1544	54	7	2	1425	NA	NA	NA	22	NA	162
1545	NA	NA	1545	54	8	2	1426	NA	NA	NA	22	NA	162
1546	NA	NA	1546	54	9	2	1427	NA	NA	NA	22	NA	162
1547	NA	NA	1547	54	10	2	1428	NA	NA	NA	22	NA	162
1548	NA	NA	1548	54	11	2	1429	NA	NA	NA	22	NA	162
1549	NA	NA	1549	54	12	2	1430	NA	NA	NA	22	NA	162
1550	NA	NA	1550	54	12	3	1431	NA	NA	NA	22	NA	162
1551	NA	NA	1551	54	13	2	1432	NA	NA	NA	22	NA	162
1552	NA	NA	1552	54	13	3	1433	NA	NA	NA	22	NA	162
1553	NA	NA	1553	54	14	2	1434	NA	NA	NA	22	NA	162
1554	NA	NA	1554	54	14	3	1435	NA	NA	NA	22	NA	162
1555	NA	NA	1555	54	15	2	1436	NA	NA	NA	22	NA	162
1556	NA	NA	1556	54	15	3	1437	NA	NA	NA	22	NA	162
1557	NA	NA	1557	54	16	2	1438	NA	NA	NA	22	NA	162
1558	NA	NA	1558	54	16	3	1439	NA	NA	NA	22	NA	162
1559	NA	NA	1559	54	17	2	1440	NA	NA	NA	22	NA	162
1560	NA	NA	1560	54	17	3	1441	NA	NA	NA	22	NA	162
1561	NA	NA	1561	54	18	2	1442	NA	NA	NA	22	NA	162
1562	NA	NA	1562	54	18	3	1443	NA	NA	NA	22	NA	162
1563	NA	NA	1563	54	19	2	1444	NA	NA	NA	22	NA	162
1564	NA	NA	1564	54	19	3	1445	NA	NA	NA	22	NA	162
1565	NA	NA	1565	54	20	2	1446	NA	NA	NA	22	NA	162
1566	NA	NA	1566	54	20	3	1447	NA	NA	NA	22	NA	162
1567	NA	NA	1567	55	1	2	1448	128	68	NA	23	9	157
1568	NA	NA	1568	55	2	2	1449	128	68	NA	23	9	157
1569	NA	NA	1569	55	3	2	1450	128	68	NA	23	9	157
1570	NA	NA	1570	55	4	2	1451	NA	NA	NA	22	NA	162
1571	NA	NA	1571	55	5	2	1452	NA	NA	NA	22	NA	162
1572	NA	NA	1572	55	6	2	1453	NA	NA	NA	22	NA	162
1573	NA	NA	1573	55	7	2	1454	NA	NA	NA	22	NA	162
1574	NA	NA	1574	55	8	2	1455	NA	NA	NA	22	NA	162
1575	NA	NA	1575	55	9	2	1456	NA	NA	NA	22	NA	162
1576	NA	NA	1576	55	10	2	1457	NA	NA	NA	22	NA	162
1577	NA	NA	1577	55	11	2	1458	NA	NA	NA	22	NA	162
1578	NA	NA	1578	55	12	2	1459	127	NA	NA	23	9	157
1579	NA	NA	1579	55	12	3	1460	NA	NA	NA	22	NA	162
1580	NA	NA	1580	55	13	2	1461	127	NA	NA	23	9	157
1581	NA	NA	1581	55	13	3	1462	NA	NA	NA	22	NA	162
1582	NA	NA	1582	55	14	2	1463	NA	NA	NA	22	NA	162
1583	NA	NA	1583	55	14	3	1464	NA	NA	NA	22	NA	162
1584	NA	NA	1584	55	15	2	1465	NA	NA	NA	22	NA	162
1585	NA	NA	1585	55	15	3	1466	NA	NA	NA	22	NA	162
1586	NA	NA	1586	55	16	2	1467	NA	NA	NA	22	NA	162
1587	NA	NA	1587	55	16	3	1468	NA	NA	NA	22	NA	162
1588	NA	NA	1588	55	17	2	1469	NA	NA	NA	22	NA	162
1589	NA	NA	1589	55	17	3	1470	NA	NA	NA	22	NA	162
1590	NA	NA	1590	55	18	2	1471	NA	NA	NA	22	NA	162
1591	NA	NA	1591	55	18	3	1472	NA	NA	NA	22	NA	162
1592	NA	NA	1592	55	19	2	1473	NA	NA	NA	22	NA	162
1593	NA	NA	1593	55	19	3	1474	NA	NA	NA	22	NA	162
1594	NA	NA	1594	55	20	2	1475	NA	NA	NA	22	NA	162
1595	NA	NA	1595	55	20	3	1476	NA	NA	NA	22	NA	162
1596	NA	NA	1596	56	1	2	1477	186	NA	NA	22	5	162
1597	NA	NA	1597	56	2	2	1478	109	128	NA	22	5	176
1598	NA	NA	1598	56	3	2	1479	NA	NA	NA	22	5	162
1599	NA	NA	1599	56	4	2	1480	89	62	NA	22	5	95
1600	NA	NA	1600	56	5	2	1481	NA	NA	NA	22	NA	162
1601	NA	NA	1601	56	6	2	1482	NA	NA	NA	22	NA	162
1602	NA	NA	1602	56	7	2	1483	NA	NA	NA	22	NA	162
1603	NA	NA	1603	56	8	2	1484	NA	NA	NA	22	NA	162
1604	NA	NA	1604	56	9	2	1485	NA	NA	NA	22	NA	162
1605	NA	NA	1605	56	10	2	1486	NA	NA	NA	22	NA	162
1606	NA	NA	1606	56	11	2	1487	NA	NA	NA	22	NA	162
1607	NA	NA	1607	56	12	2	1488	NA	NA	NA	22	NA	162
1608	NA	NA	1608	56	12	3	1489	NA	NA	NA	22	NA	162
1609	NA	NA	1609	56	13	2	1490	NA	NA	NA	22	NA	162
1610	NA	NA	1610	56	13	3	1491	NA	NA	NA	22	NA	162
1611	NA	NA	1611	56	14	2	1492	NA	NA	NA	22	NA	162
1612	NA	NA	1612	56	14	3	1493	NA	NA	NA	22	NA	162
1613	NA	NA	1613	56	15	2	1494	NA	NA	NA	22	NA	162
1614	NA	NA	1614	56	15	3	1495	NA	NA	NA	22	NA	162
1615	NA	NA	1615	56	16	2	1496	NA	NA	NA	22	NA	162
1616	NA	NA	1616	56	16	3	1497	NA	NA	NA	22	NA	162
1617	NA	NA	1617	56	17	2	1498	NA	NA	NA	22	NA	162
1618	NA	NA	1618	56	17	3	1499	NA	NA	NA	22	NA	162
1619	NA	NA	1619	56	18	2	1500	NA	NA	NA	22	NA	162
1620	NA	NA	1620	56	18	3	1501	NA	NA	NA	22	NA	162
1621	NA	NA	1621	56	19	2	1502	NA	NA	NA	22	NA	162
1622	NA	NA	1622	56	19	3	1503	NA	NA	NA	22	NA	162
1623	NA	NA	1623	56	20	2	1504	NA	NA	NA	22	NA	162
1624	NA	NA	1624	56	20	3	1505	NA	NA	NA	22	NA	162
1625	NA	NA	1625	57	1	2	1506	NA	NA	NA	22	NA	162
1626	NA	NA	1626	57	2	2	1507	NA	NA	NA	22	NA	162
1627	NA	NA	1627	57	3	2	1508	NA	NA	NA	22	NA	162
1628	NA	NA	1628	57	4	2	1509	NA	NA	NA	22	NA	162
1629	NA	NA	1629	57	5	2	1510	NA	NA	NA	22	NA	162
1630	NA	NA	1630	57	6	2	1511	NA	NA	NA	22	NA	162
1631	NA	NA	1631	57	7	2	1512	NA	NA	NA	22	NA	162
1632	NA	NA	1632	57	8	2	1513	NA	NA	NA	22	NA	162
1633	NA	NA	1633	57	9	2	1514	NA	NA	NA	22	NA	162
1634	NA	NA	1634	57	10	2	1515	NA	NA	NA	22	NA	162
1635	NA	NA	1635	57	11	2	1516	NA	NA	NA	22	NA	162
1636	NA	NA	1636	57	12	2	1517	NA	NA	NA	22	NA	162
1637	NA	NA	1637	57	12	3	1518	NA	NA	NA	22	NA	162
1638	NA	NA	1638	57	13	2	1519	NA	NA	NA	22	NA	162
1639	NA	NA	1639	57	13	3	1520	NA	NA	NA	22	NA	162
1640	NA	NA	1640	57	14	2	1521	NA	NA	NA	22	NA	162
1641	NA	NA	1641	57	14	3	1522	NA	NA	NA	22	NA	162
1642	NA	NA	1642	57	15	2	1523	NA	NA	NA	22	NA	162
1643	NA	NA	1643	57	15	3	1524	NA	NA	NA	22	NA	162
1644	NA	NA	1644	57	16	2	1525	NA	NA	NA	22	NA	162
1645	NA	NA	1645	57	16	3	1526	NA	NA	NA	22	NA	162
1646	NA	NA	1646	57	17	2	1527	NA	NA	NA	22	NA	162
1647	NA	NA	1647	57	17	3	1528	NA	NA	NA	22	NA	162
1648	NA	NA	1648	57	18	2	1529	NA	NA	NA	22	NA	162
1649	NA	NA	1649	57	18	3	1530	NA	NA	NA	22	NA	162
1650	NA	NA	1650	57	19	2	1531	NA	NA	NA	22	NA	162
1651	NA	NA	1651	57	19	3	1532	NA	NA	NA	22	NA	162
1652	NA	NA	1652	57	20	2	1533	NA	NA	NA	22	NA	162
1653	NA	NA	1653	57	20	3	1534	NA	NA	NA	22	NA	162
1654	NA	NA	1654	58	1	2	1535	NA	NA	NA	22	NA	162
1655	NA	NA	1655	58	2	2	1536	NA	NA	NA	22	NA	162
1656	NA	NA	1656	58	3	2	1537	NA	NA	NA	22	NA	162
1657	NA	NA	1657	58	4	2	1538	NA	NA	NA	22	NA	162
1658	NA	NA	1658	58	5	2	1539	NA	NA	NA	22	NA	162
1659	NA	NA	1659	58	6	2	1540	NA	NA	NA	22	NA	162
1660	NA	NA	1660	58	7	2	1541	NA	NA	NA	22	NA	162
1661	NA	NA	1661	58	8	2	1542	NA	NA	NA	22	NA	162
1662	NA	NA	1662	58	9	2	1543	NA	NA	NA	22	NA	162
1663	NA	NA	1663	58	10	2	1544	NA	NA	NA	22	NA	162
1664	NA	NA	1664	58	11	2	1545	NA	NA	NA	22	NA	162
1665	NA	NA	1665	58	12	2	1546	NA	NA	NA	22	NA	162
1666	NA	NA	1666	58	12	3	1547	NA	NA	NA	22	NA	162
1667	NA	NA	1667	58	13	2	1548	NA	NA	NA	22	NA	162
1668	NA	NA	1668	58	13	3	1549	NA	NA	NA	22	NA	162
1669	NA	NA	1669	58	14	2	1550	NA	NA	NA	22	NA	162
1670	NA	NA	1670	58	14	3	1551	NA	NA	NA	22	NA	162
1671	NA	NA	1671	58	15	2	1552	NA	NA	NA	22	NA	162
1672	NA	NA	1672	58	15	3	1553	NA	NA	NA	22	NA	162
1673	NA	NA	1673	58	16	2	1554	NA	NA	NA	22	NA	162
1674	NA	NA	1674	58	16	3	1555	NA	NA	NA	22	NA	162
1675	NA	NA	1675	58	17	2	1556	NA	NA	NA	22	NA	162
1676	NA	NA	1676	58	17	3	1557	NA	NA	NA	22	NA	162
1677	NA	NA	1677	58	18	2	1558	NA	NA	NA	22	NA	162
1678	NA	NA	1678	58	18	3	1559	NA	NA	NA	22	NA	162
1679	NA	NA	1679	58	19	2	1560	NA	NA	NA	22	NA	162
1680	NA	NA	1680	58	19	3	1561	NA	NA	NA	22	NA	162
1681	NA	NA	1681	58	20	2	1562	NA	NA	NA	22	NA	162
1682	NA	NA	1682	58	20	3	1563	NA	NA	NA	22	NA	162
1683	NA	NA	1683	59	1	2	1564	NA	NA	NA	22	NA	162
1684	NA	NA	1684	59	2	2	1565	NA	NA	NA	22	NA	162
1685	NA	NA	1685	59	3	2	1566	NA	NA	NA	22	NA	162
1686	NA	NA	1686	59	4	2	1567	NA	NA	NA	22	NA	162
1687	NA	NA	1687	59	5	2	1568	NA	NA	NA	22	NA	162
1688	NA	NA	1688	59	6	2	1569	NA	NA	NA	22	NA	162
1689	NA	NA	1689	59	7	2	1570	NA	NA	NA	22	NA	162
1690	NA	NA	1690	59	8	2	1571	NA	NA	NA	22	NA	162
1691	NA	NA	1691	59	9	2	1572	NA	NA	NA	22	NA	162
1692	NA	NA	1692	59	10	2	1573	NA	NA	NA	22	NA	162
1693	NA	NA	1693	59	11	2	1574	NA	NA	NA	22	NA	162
1694	NA	NA	1694	59	12	2	1575	NA	NA	NA	22	NA	162
1695	NA	NA	1695	59	12	3	1576	NA	NA	NA	22	NA	162
1696	NA	NA	1696	59	13	2	1577	NA	NA	NA	22	NA	162
1697	NA	NA	1697	59	13	3	1578	NA	NA	NA	22	NA	162
1698	NA	NA	1698	59	14	2	1579	NA	NA	NA	22	NA	162
1699	NA	NA	1699	59	14	3	1580	NA	NA	NA	22	NA	162
1700	NA	NA	1700	59	15	2	1581	NA	NA	NA	22	NA	162
1701	NA	NA	1701	59	15	3	1582	NA	NA	NA	22	NA	162
1702	NA	NA	1702	59	16	2	1583	NA	NA	NA	22	NA	162
1703	NA	NA	1703	59	16	3	1584	NA	NA	NA	22	NA	162
1704	NA	NA	1704	59	17	2	1585	NA	NA	NA	22	NA	162
1705	NA	NA	1705	59	17	3	1586	NA	NA	NA	22	NA	162
1706	NA	NA	1706	59	18	2	1587	NA	NA	NA	22	NA	162
1707	NA	NA	1707	59	18	3	1588	NA	NA	NA	22	NA	162
1708	NA	NA	1708	59	19	2	1589	NA	NA	NA	22	NA	162
1709	NA	NA	1709	59	19	3	1590	NA	NA	NA	22	NA	162
1710	NA	NA	1710	59	20	2	1591	NA	NA	NA	22	NA	162
1711	NA	NA	1711	59	20	3	1592	NA	NA	NA	22	NA	162
1712	NA	NA	1712	60	1	2	1622	NA	NA	NA	22	NA	162
1713	NA	NA	1713	60	2	2	1623	NA	NA	NA	22	NA	162
1714	NA	NA	1714	60	3	2	1624	NA	NA	NA	22	NA	162
1715	NA	NA	1715	60	4	2	1625	NA	NA	NA	22	NA	162
1716	NA	NA	1716	60	5	2	1626	NA	NA	NA	22	NA	162
1717	NA	NA	1717	60	6	2	1627	NA	NA	NA	22	NA	162
1718	NA	NA	1718	60	7	2	1628	NA	NA	NA	22	NA	162
1719	NA	NA	1719	60	8	2	1629	NA	NA	NA	22	NA	162
1720	NA	NA	1720	60	9	2	1630	NA	NA	NA	22	NA	162
1721	NA	NA	1721	60	10	2	1631	NA	NA	NA	22	NA	162
1722	NA	NA	1722	60	11	2	1632	NA	NA	NA	22	NA	162
1723	NA	NA	1723	60	12	2	1633	NA	NA	NA	22	NA	162
1724	NA	NA	1724	60	13	2	1634	NA	NA	NA	22	NA	162
1725	NA	NA	1725	60	13	3	1635	NA	NA	NA	22	NA	162
1726	NA	NA	1726	60	14	2	1636	NA	NA	NA	22	NA	162
1727	NA	NA	1727	60	14	3	1637	NA	NA	NA	22	NA	162
1728	NA	NA	1728	60	15	2	1638	NA	NA	NA	22	NA	162
1729	NA	NA	1729	60	15	3	1639	NA	NA	NA	22	NA	162
1730	NA	NA	1730	60	16	2	1640	NA	NA	NA	22	NA	162
1731	NA	NA	1731	60	16	3	1641	NA	NA	NA	22	NA	162
1732	NA	NA	1732	60	17	2	1642	NA	NA	NA	22	NA	162
1733	NA	NA	1733	60	17	3	1643	NA	NA	NA	22	NA	162
1734	NA	NA	1734	60	18	2	1644	NA	NA	NA	22	NA	162
1735	NA	NA	1735	60	18	3	1645	NA	NA	NA	22	NA	162
1736	NA	NA	1736	60	19	2	1646	NA	NA	NA	22	NA	162
1737	NA	NA	1737	60	19	3	1647	NA	NA	NA	22	NA	162
1738	NA	NA	1738	60	20	2	1648	NA	NA	NA	22	NA	162
1739	NA	NA	1739	60	20	3	1649	NA	NA	NA	22	NA	162
1740	NA	NA	1740	61	1	2	1650	NA	NA	NA	22	NA	162
1741	NA	NA	1741	61	2	2	1651	NA	NA	NA	22	NA	162
1742	NA	NA	1742	61	3	2	1652	NA	NA	NA	22	NA	162
1743	NA	NA	1743	61	4	2	1653	NA	NA	NA	22	NA	162
1744	NA	NA	1744	61	5	2	1654	NA	NA	NA	22	NA	162
1745	NA	NA	1745	61	6	2	1655	NA	NA	NA	22	NA	162
1746	NA	NA	1746	61	7	2	1656	NA	NA	NA	22	NA	162
1747	NA	NA	1747	61	8	2	1657	NA	NA	NA	22	NA	162
1748	NA	NA	1748	61	9	2	1658	NA	NA	NA	22	NA	162
1749	NA	NA	1749	61	10	2	1659	NA	NA	NA	22	NA	162
1750	NA	NA	1750	61	11	2	1660	NA	NA	NA	22	NA	162
1751	NA	NA	1751	61	12	2	1661	NA	NA	NA	22	NA	162
1752	NA	NA	1752	61	13	2	1662	NA	NA	NA	22	NA	162
1753	NA	NA	1753	61	13	3	1663	NA	NA	NA	22	NA	162
1754	NA	NA	1754	61	14	2	1664	NA	NA	NA	22	NA	162
1755	NA	NA	1755	61	14	3	1665	NA	NA	NA	22	NA	162
1756	NA	NA	1756	61	15	2	1666	NA	NA	NA	22	NA	162
1757	NA	NA	1757	61	15	3	1667	NA	NA	NA	22	NA	162
1758	NA	NA	1758	61	16	2	1668	NA	NA	NA	22	NA	162
1759	NA	NA	1759	61	16	3	1669	NA	NA	NA	22	NA	162
1760	NA	NA	1760	61	17	2	1670	NA	NA	NA	22	NA	162
1761	NA	NA	1761	61	17	3	1671	NA	NA	NA	22	NA	162
1762	NA	NA	1762	61	18	2	1672	NA	NA	NA	22	NA	162
1763	NA	NA	1763	61	18	3	1673	NA	NA	NA	22	NA	162
1764	NA	NA	1764	61	19	2	1674	NA	NA	NA	22	NA	162
1765	NA	NA	1765	61	19	3	1675	NA	NA	NA	22	NA	162
1766	NA	NA	1766	61	20	2	1676	NA	NA	NA	22	NA	162
1767	NA	NA	1767	61	20	3	1677	NA	NA	NA	22	NA	162
1768	NA	NA	1768	62	1	2	1678	NA	NA	NA	22	NA	162
1769	NA	NA	1769	62	2	2	1679	NA	NA	NA	22	NA	162
1770	NA	NA	1770	62	3	2	1680	NA	NA	NA	22	NA	162
1771	NA	NA	1771	62	4	2	1681	NA	NA	NA	22	NA	162
1772	NA	NA	1772	62	5	2	1682	NA	NA	NA	22	NA	162
1773	NA	NA	1773	62	6	2	1683	NA	NA	NA	22	NA	162
1774	NA	NA	1774	62	7	2	1684	NA	NA	NA	22	NA	162
1775	NA	NA	1775	62	8	2	1685	NA	NA	NA	22	NA	162
1776	NA	NA	1776	62	9	2	1686	NA	NA	NA	22	NA	162
1777	NA	NA	1777	62	10	2	1687	NA	NA	NA	22	NA	162
1778	NA	NA	1778	62	11	2	1688	NA	NA	NA	22	NA	162
1779	NA	NA	1779	62	12	2	1689	NA	NA	NA	22	NA	162
1780	NA	NA	1780	62	13	2	1690	NA	NA	NA	22	NA	162
1781	NA	NA	1781	62	13	3	1691	NA	NA	NA	22	NA	162
1782	NA	NA	1782	62	14	2	1692	NA	NA	NA	22	NA	162
1783	NA	NA	1783	62	14	3	1693	NA	NA	NA	22	NA	162
1784	NA	NA	1784	62	15	2	1694	NA	NA	NA	22	NA	162
1785	NA	NA	1785	62	15	3	1695	NA	NA	NA	22	NA	162
1786	NA	NA	1786	62	16	2	1696	NA	NA	NA	22	NA	162
1787	NA	NA	1787	62	16	3	1697	NA	NA	NA	22	NA	162
1788	NA	NA	1788	62	17	2	1698	NA	NA	NA	22	NA	162
1789	NA	NA	1789	62	17	3	1699	NA	NA	NA	22	NA	162
1790	NA	NA	1790	62	18	2	1700	NA	NA	NA	22	NA	162
1791	NA	NA	1791	62	18	3	1701	NA	NA	NA	22	NA	162
1792	NA	NA	1792	62	19	2	1702	NA	NA	NA	22	NA	162
1793	NA	NA	1793	62	19	3	1703	NA	NA	NA	22	NA	162
1794	NA	NA	1794	62	20	2	1704	NA	NA	NA	22	NA	162
1795	NA	NA	1795	62	20	3	1705	NA	NA	NA	22	NA	162
1796	NA	NA	1796	63	1	2	1706	NA	NA	NA	22	NA	162
1797	NA	NA	1797	63	2	2	1707	NA	NA	NA	22	NA	162
1798	NA	NA	1798	63	3	2	1708	NA	NA	NA	22	NA	162
1799	NA	NA	1799	63	4	2	1709	NA	NA	NA	22	NA	162
1800	NA	NA	1800	63	5	2	1710	NA	NA	NA	22	NA	162
1801	NA	NA	1801	63	6	2	1711	NA	NA	NA	22	NA	162
1802	NA	NA	1802	63	7	2	1712	NA	NA	NA	22	NA	162
1803	NA	NA	1803	63	8	2	1713	NA	NA	NA	22	NA	162
1804	NA	NA	1804	63	9	2	1714	NA	NA	NA	22	NA	162
1805	NA	NA	1805	63	10	2	1715	NA	NA	NA	22	NA	162
1806	NA	NA	1806	63	11	2	1716	NA	NA	NA	22	NA	162
1807	NA	NA	1807	63	12	2	1717	NA	NA	NA	22	NA	162
1808	NA	NA	1808	63	13	2	1718	NA	NA	NA	22	NA	162
1809	NA	NA	1809	63	13	3	1719	NA	NA	NA	22	NA	162
1810	NA	NA	1810	63	14	2	1720	NA	NA	NA	22	NA	162
1811	NA	NA	1811	63	14	3	1721	NA	NA	NA	22	NA	162
1812	NA	NA	1812	63	15	2	1722	NA	NA	NA	22	NA	162
1813	NA	NA	1813	63	15	3	1723	NA	NA	NA	22	NA	162
1814	NA	NA	1814	63	16	2	1724	NA	NA	NA	22	NA	162
1815	NA	NA	1815	63	16	3	1725	NA	NA	NA	22	NA	162
1816	NA	NA	1816	63	17	2	1726	NA	NA	NA	22	NA	162
1817	NA	NA	1817	63	17	3	1727	NA	NA	NA	22	NA	162
1818	NA	NA	1818	63	18	2	1728	NA	NA	NA	22	NA	162
1819	NA	NA	1819	63	18	3	1729	NA	NA	NA	22	NA	162
1820	NA	NA	1820	63	19	2	1730	NA	NA	NA	22	NA	162
1821	NA	NA	1821	63	19	3	1731	NA	NA	NA	22	NA	162
1822	NA	NA	1822	63	20	2	1732	NA	NA	NA	22	NA	162
1823	NA	NA	1823	63	20	3	1733	NA	NA	NA	22	NA	162
1824	NA	NA	1824	64	1	2	1734	NA	NA	NA	22	NA	162
1825	NA	NA	1825	64	2	2	1735	NA	NA	NA	22	NA	162
1826	NA	NA	1826	64	3	2	1736	NA	NA	NA	22	NA	162
1827	NA	NA	1827	64	4	2	1737	NA	NA	NA	22	NA	162
1828	NA	NA	1828	64	5	2	1738	NA	NA	NA	22	NA	162
1829	NA	NA	1829	64	6	2	1739	NA	NA	NA	22	NA	162
1830	NA	NA	1830	64	7	2	1740	NA	NA	NA	22	NA	162
1831	NA	NA	1831	64	8	2	1741	NA	NA	NA	22	NA	162
1832	NA	NA	1832	64	9	2	1742	NA	NA	NA	22	NA	162
1833	NA	NA	1833	64	10	2	1743	NA	NA	NA	22	NA	162
1834	NA	NA	1834	64	11	2	1744	NA	NA	NA	22	NA	162
1835	NA	NA	1835	64	12	2	1745	NA	NA	NA	22	NA	162
1836	NA	NA	1836	64	13	2	1746	NA	NA	NA	22	NA	162
1837	NA	NA	1837	64	13	3	1747	NA	NA	NA	22	NA	162
1838	NA	NA	1838	64	14	2	1748	NA	NA	NA	22	NA	162
1839	NA	NA	1839	64	14	3	1749	NA	NA	NA	22	NA	162
1840	NA	NA	1840	64	15	2	1750	NA	NA	NA	22	NA	162
1841	NA	NA	1841	64	15	3	1751	NA	NA	NA	22	NA	162
1842	NA	NA	1842	64	16	2	1752	NA	NA	NA	22	NA	162
1843	NA	NA	1843	64	16	3	1753	NA	NA	NA	22	NA	162
1844	NA	NA	1844	64	17	2	1754	NA	NA	NA	22	NA	162
1845	NA	NA	1845	64	17	3	1755	NA	NA	NA	22	NA	162
1846	NA	NA	1846	64	18	2	1756	NA	NA	NA	22	NA	162
1847	NA	NA	1847	64	18	3	1757	NA	NA	NA	22	NA	162
1848	NA	NA	1848	64	19	2	1758	NA	NA	NA	22	NA	162
1849	NA	NA	1849	64	19	3	1759	NA	NA	NA	22	NA	162
1850	NA	NA	1850	64	20	2	1760	NA	NA	NA	22	NA	162
1851	NA	NA	1851	64	20	3	1761	NA	NA	NA	22	NA	162
1852	NA	NA	1852	65	1	2	1762	NA	NA	NA	22	NA	162
1853	NA	NA	1853	65	2	2	1763	NA	NA	NA	22	NA	162
1854	NA	NA	1854	65	3	2	1764	NA	NA	NA	22	NA	162
1855	NA	NA	1855	65	4	2	1765	NA	NA	NA	22	NA	162
1856	NA	NA	1856	65	5	2	1766	NA	NA	NA	22	NA	162
1857	NA	NA	1857	65	6	2	1767	NA	NA	NA	22	NA	162
1858	NA	NA	1858	65	7	2	1768	NA	NA	NA	22	NA	162
1859	NA	NA	1859	65	8	2	1769	NA	NA	NA	22	NA	162
1860	NA	NA	1860	65	9	2	1770	NA	NA	NA	22	NA	162
1861	NA	NA	1861	65	10	2	1771	NA	NA	NA	22	NA	162
1862	NA	NA	1862	65	11	2	1772	NA	NA	NA	22	NA	162
1863	NA	NA	1863	65	12	2	1773	NA	NA	NA	22	NA	162
1864	NA	NA	1864	65	13	2	1774	NA	NA	NA	22	NA	162
1865	NA	NA	1865	65	13	3	1775	NA	NA	NA	22	NA	162
1866	NA	NA	1866	65	14	2	1776	NA	NA	NA	22	NA	162
1867	NA	NA	1867	65	14	3	1777	NA	NA	NA	22	NA	162
1868	NA	NA	1868	65	15	2	1778	NA	NA	NA	22	NA	162
1869	NA	NA	1869	65	15	3	1779	NA	NA	NA	22	NA	162
1870	NA	NA	1870	65	16	2	1780	NA	NA	NA	22	NA	162
1871	NA	NA	1871	65	16	3	1781	NA	NA	NA	22	NA	162
1872	NA	NA	1872	65	17	2	1782	NA	NA	NA	22	NA	162
1873	NA	NA	1873	65	17	3	1783	NA	NA	NA	22	NA	162
1874	NA	NA	1874	65	18	2	1784	NA	NA	NA	22	NA	162
1875	NA	NA	1875	65	18	3	1785	NA	NA	NA	22	NA	162
1876	NA	NA	1876	65	19	2	1786	NA	NA	NA	22	NA	162
1877	NA	NA	1877	65	19	3	1787	NA	NA	NA	22	NA	162
1878	NA	NA	1878	65	20	2	1788	NA	NA	NA	22	NA	162
1879	NA	NA	1879	65	20	3	1789	NA	NA	NA	22	NA	162
1880	NA	NA	1880	66	1	2	1790	NA	NA	NA	22	NA	162
1881	NA	NA	1881	66	2	2	1791	NA	NA	NA	22	NA	162
1882	NA	NA	1882	66	3	2	1792	NA	NA	NA	22	NA	162
1883	NA	NA	1883	66	4	2	1793	NA	NA	NA	22	NA	162
1884	NA	NA	1884	66	5	2	1794	NA	NA	NA	22	NA	162
1885	NA	NA	1885	66	6	2	1795	NA	NA	NA	22	NA	162
1886	NA	NA	1886	66	7	2	1796	NA	NA	NA	22	NA	162
1887	NA	NA	1887	66	8	2	1797	NA	NA	NA	22	NA	162
1888	NA	NA	1888	66	9	2	1798	NA	NA	NA	22	NA	162
1889	NA	NA	1889	66	10	2	1799	NA	NA	NA	22	NA	162
1890	NA	NA	1890	66	11	2	1800	NA	NA	NA	22	NA	162
1891	NA	NA	1891	66	12	2	1801	NA	NA	NA	22	NA	162
1892	NA	NA	1892	66	13	2	1802	NA	NA	NA	22	NA	162
1893	NA	NA	1893	66	13	3	1803	NA	NA	NA	22	NA	162
1894	NA	NA	1894	66	14	2	1804	NA	NA	NA	22	NA	162
1895	NA	NA	1895	66	14	3	1805	NA	NA	NA	22	NA	162
1896	NA	NA	1896	66	15	2	1806	NA	NA	NA	22	NA	162
1897	NA	NA	1897	66	15	3	1807	NA	NA	NA	22	NA	162
1898	NA	NA	1898	66	16	2	1808	NA	NA	NA	22	NA	162
1899	NA	NA	1899	66	16	3	1809	NA	NA	NA	22	NA	162
1900	NA	NA	1900	66	17	2	1810	NA	NA	NA	22	NA	162
1901	NA	NA	1901	66	17	3	1811	NA	NA	NA	22	NA	162
1902	NA	NA	1902	66	18	2	1812	NA	NA	NA	22	NA	162
1903	NA	NA	1903	66	18	3	1813	NA	NA	NA	22	NA	162
1904	NA	NA	1904	66	19	2	1814	NA	NA	NA	22	NA	162
1905	NA	NA	1905	66	19	3	1815	NA	NA	NA	22	NA	162
1906	NA	NA	1906	66	20	2	1816	NA	NA	NA	22	NA	162
1907	NA	NA	1907	66	20	3	1817	NA	NA	NA	22	NA	162
1908	NA	NA	1908	67	1	2	1818	NA	NA	NA	22	NA	162
1909	NA	NA	1909	67	2	2	1819	NA	NA	NA	22	NA	162
1910	NA	NA	1910	67	3	2	1820	NA	NA	NA	22	NA	162
1911	NA	NA	1911	67	4	2	1821	NA	NA	NA	22	NA	162
1912	NA	NA	1912	67	5	2	1822	NA	NA	NA	22	NA	162
1913	NA	NA	1913	67	6	2	1823	NA	NA	NA	22	NA	162
1914	NA	NA	1914	67	7	2	1824	NA	NA	NA	22	NA	162
1915	NA	NA	1915	67	8	2	1825	NA	NA	NA	22	NA	162
1916	NA	NA	1916	67	9	2	1826	NA	NA	NA	22	NA	162
1917	NA	NA	1917	67	10	2	1827	NA	NA	NA	22	NA	162
1918	NA	NA	1918	67	11	2	1828	NA	NA	NA	22	NA	162
1919	NA	NA	1919	67	12	2	1829	NA	NA	NA	22	NA	162
1920	NA	NA	1920	67	13	2	1830	NA	NA	NA	22	NA	162
1921	NA	NA	1921	67	13	3	1831	NA	NA	NA	22	NA	162
1922	NA	NA	1922	67	14	2	1832	NA	NA	NA	22	NA	162
1923	NA	NA	1923	67	14	3	1833	NA	NA	NA	22	NA	162
1924	NA	NA	1924	67	15	2	1834	NA	NA	NA	22	NA	162
1925	NA	NA	1925	67	15	3	1835	NA	NA	NA	22	NA	162
1926	NA	NA	1926	67	16	2	1836	NA	NA	NA	22	NA	162
1927	NA	NA	1927	67	16	3	1837	NA	NA	NA	22	NA	162
1928	NA	NA	1928	67	17	2	1838	NA	NA	NA	22	NA	162
1929	NA	NA	1929	67	17	3	1839	NA	NA	NA	22	NA	162
1930	NA	NA	1930	67	18	2	1840	NA	NA	NA	22	NA	162
1931	NA	NA	1931	67	18	3	1841	NA	NA	NA	22	NA	162
1932	NA	NA	1932	67	19	2	1842	NA	NA	NA	22	NA	162
1933	NA	NA	1933	67	19	3	1843	NA	NA	NA	22	NA	162
1934	NA	NA	1934	67	20	2	1844	NA	NA	NA	22	NA	162
1935	NA	NA	1935	67	20	3	1845	NA	NA	NA	22	NA	162
1936	NA	NA	1936	68	1	2	1846	NA	NA	NA	22	NA	162
1937	NA	NA	1937	68	2	2	1847	NA	NA	NA	22	NA	162
1938	NA	NA	1938	68	3	2	1848	NA	NA	NA	22	NA	162
1939	NA	NA	1939	68	4	2	1849	NA	NA	NA	22	NA	162
1940	NA	NA	1940	68	5	2	1850	NA	NA	NA	22	NA	162
1941	NA	NA	1941	68	6	2	1851	NA	NA	NA	22	NA	162
1942	NA	NA	1942	68	7	2	1852	NA	NA	NA	22	NA	162
1943	NA	NA	1943	68	8	2	1853	NA	NA	NA	22	NA	162
1944	NA	NA	1944	68	9	2	1854	NA	NA	NA	22	NA	162
1945	NA	NA	1945	68	10	2	1855	NA	NA	NA	22	NA	162
1946	NA	NA	1946	68	11	2	1856	NA	NA	NA	22	NA	162
1947	NA	NA	1947	68	12	2	1857	NA	NA	NA	22	NA	162
1948	NA	NA	1948	68	13	2	1858	NA	NA	NA	22	NA	162
1949	NA	NA	1949	68	13	3	1859	NA	NA	NA	22	NA	162
1950	NA	NA	1950	68	14	2	1860	NA	NA	NA	22	NA	162
1951	NA	NA	1951	68	14	3	1861	NA	NA	NA	22	NA	162
1952	NA	NA	1952	68	15	2	1862	NA	NA	NA	22	NA	162
1953	NA	NA	1953	68	15	3	1863	NA	NA	NA	22	NA	162
1954	NA	NA	1954	68	16	2	1864	NA	NA	NA	22	NA	162
1955	NA	NA	1955	68	16	3	1865	NA	NA	NA	22	NA	162
1956	NA	NA	1956	68	17	2	1866	NA	NA	NA	22	NA	162
1957	NA	NA	1957	68	17	3	1867	NA	NA	NA	22	NA	162
1958	NA	NA	1958	68	18	2	1868	NA	NA	NA	22	NA	162
1959	NA	NA	1959	68	18	3	1869	NA	NA	NA	22	NA	162
1960	NA	NA	1960	68	19	2	1870	NA	NA	NA	22	NA	162
1961	NA	NA	1961	68	19	3	1871	NA	NA	NA	22	NA	162
1962	NA	NA	1962	68	20	2	1872	NA	NA	NA	22	NA	162
1963	NA	NA	1963	68	20	3	1873	NA	NA	NA	22	NA	162
